"# SPARTA demo dataset (synthetic)","vis_DEMO_glass_8p4_D.002"
700.500,340.7
701.000,340.5
701.500,343.3
702.000,345.9
702.500,340.8
703.000,340.6
703.500,336.0
704.000,341.8
704.500,339.6
705.000,337.6
705.500,335.3
706.000,342.8
706.500,338.1
707.000,336.8
707.500,336.2
708.000,335.5
708.500,338.0
709.000,340.0
709.500,342.5
710.000,340.7
710.500,343.3
711.000,339.7
711.500,340.4
712.000,342.2
712.500,340.9
713.000,338.4
713.500,335.9
714.000,342.6
714.500,341.4
715.000,342.7
715.500,340.6
716.000,344.2
716.500,338.1
717.000,337.8
717.500,341.3
718.000,345.6
718.500,339.7
719.000,337.9
719.500,339.3
720.000,341.2
720.500,341.0
721.000,338.6
721.500,338.7
722.000,344.2
722.500,336.2
723.000,337.3
723.500,342.8
724.000,349.3
724.500,336.6
725.000,339.9
725.500,338.9
726.000,340.0
726.500,341.0
727.000,337.2
727.500,346.4
728.000,335.1
728.500,340.3
729.000,342.5
729.500,341.9
730.000,343.9
730.500,338.7
731.000,341.2
731.500,343.7
732.000,343.9
732.500,338.4
733.000,340.8
733.500,342.2
734.000,336.6
734.500,340.7
735.000,338.9
735.500,339.8
736.000,342.4
736.500,344.1
737.000,339.7
737.500,338.0
738.000,337.3
738.500,341.1
739.000,341.2
739.500,339.4
740.000,337.4
740.500,340.5
741.000,344.6
741.500,338.4
742.000,339.7
742.500,340.7
743.000,344.2
743.500,337.6
744.000,342.1
744.500,342.3
745.000,339.0
745.500,337.3
746.000,341.8
746.500,340.7
747.000,338.4
747.500,338.3
748.000,340.6
748.500,338.5
749.000,338.5
749.500,340.0
750.000,338.9
750.500,340.9
751.000,340.0
751.500,344.8
752.000,340.7
752.500,337.2
753.000,334.0
753.500,338.6
754.000,341.4
754.500,343.7
755.000,342.7
755.500,341.2
756.000,337.1
756.500,337.0
757.000,338.0
757.500,343.2
758.000,338.5
758.500,343.1
759.000,342.8
759.500,337.9
760.000,339.9
760.500,339.4
761.000,342.6
761.500,343.5
762.000,340.2
762.500,335.8
763.000,339.6
763.500,336.2
764.000,344.1
764.500,338.5
765.000,340.9
765.500,342.0
766.000,336.5
766.500,335.6
767.000,338.4
767.500,341.0
768.000,343.3
768.500,338.1
769.000,338.8
769.500,338.4
770.000,338.2
770.500,336.0
771.000,344.1
771.500,338.3
772.000,339.4
772.500,338.1
773.000,341.6
773.500,344.0
774.000,340.1
774.500,340.2
775.000,341.4
775.500,336.3
776.000,340.7
776.500,340.0
777.000,341.2
777.500,340.0
778.000,339.8
778.500,338.2
779.000,341.2
779.500,338.2
780.000,342.7
780.500,337.9
781.000,341.2
781.500,341.1
782.000,338.8
782.500,332.8
783.000,341.9
783.500,336.3
784.000,340.2
784.500,344.8
785.000,337.7
785.500,337.9
786.000,341.5
786.500,337.0
787.000,340.8
787.500,341.3
788.000,341.3
788.500,342.3
789.000,336.7
789.500,339.0
790.000,341.5
790.500,338.9
791.000,344.8
791.500,336.3
792.000,342.1
792.500,339.0
793.000,336.7
793.500,338.7
794.000,341.7
794.500,338.7
795.000,341.5
795.500,343.6
796.000,338.5
796.500,340.4
797.000,337.2
797.500,341.4
798.000,337.5
798.500,342.7
799.000,338.1
799.500,338.4
800.000,340.3
800.500,342.0
801.000,340.6
801.500,338.0
802.000,337.9
802.500,343.7
803.000,339.2
803.500,338.7
804.000,340.7
804.500,338.8
805.000,339.0
805.500,335.1
806.000,341.3
806.500,341.4
807.000,338.1
807.500,338.4
808.000,343.1
808.500,337.9
809.000,337.9
809.500,336.1
810.000,346.9
810.500,333.8
811.000,338.4
811.500,342.6
812.000,339.2
812.500,344.8
813.000,340.1
813.500,338.2
814.000,338.3
814.500,341.0
815.000,335.9
815.500,338.6
816.000,341.6
816.500,339.2
817.000,339.1
817.500,340.9
818.000,345.4
818.500,340.4
819.000,337.9
819.500,336.6
820.000,342.8
820.500,340.0
821.000,341.9
821.500,341.4
822.000,346.1
822.500,342.0
823.000,334.9
823.500,341.9
824.000,340.5
824.500,341.5
825.000,342.0
825.500,339.5
826.000,340.5
826.500,340.3
827.000,339.4
827.500,341.5
828.000,337.3
828.500,337.1
829.000,336.8
829.500,341.9
830.000,340.2
830.500,343.9
831.000,338.3
831.500,339.9
832.000,339.8
832.500,341.2
833.000,338.4
833.500,340.0
834.000,337.7
834.500,340.0
835.000,344.8
835.500,340.6
836.000,338.9
836.500,338.5
837.000,339.6
837.500,337.5
838.000,341.3
838.500,343.6
839.000,343.5
839.500,336.6
840.000,342.0
840.500,345.1
841.000,340.8
841.500,339.8
842.000,336.3
842.500,342.1
843.000,339.5
843.500,341.2
844.000,342.2
844.500,340.8
845.000,338.0
845.500,340.3
846.000,338.6
846.500,344.4
847.000,343.2
847.500,343.9
848.000,336.2
848.500,344.1
849.000,344.2
849.500,341.3
850.000,343.0
850.500,341.2
851.000,339.9
851.500,338.9
852.000,343.2
852.500,337.7
853.000,340.5
853.500,343.5
854.000,339.7
854.500,337.7
855.000,338.7
855.500,343.9
856.000,339.3
856.500,340.5
857.000,337.2
857.500,341.0
858.000,341.6
858.500,343.6
859.000,343.7
859.500,338.8
860.000,347.9
860.500,343.0
861.000,341.1
861.500,345.5
862.000,340.1
862.500,337.4
863.000,336.6
863.500,340.0
864.000,338.0
864.500,340.5
865.000,340.4
865.500,340.2
866.000,339.4
866.500,336.2
867.000,343.5
867.500,343.7
868.000,339.9
868.500,337.9
869.000,341.5
869.500,340.3
870.000,336.9
870.500,341.5
871.000,337.1
871.500,340.8
872.000,342.8
872.500,338.7
873.000,340.4
873.500,342.5
874.000,345.1
874.500,336.4
875.000,344.2
875.500,342.2
876.000,334.1
876.500,337.6
877.000,339.3
877.500,343.1
878.000,338.3
878.500,340.6
879.000,338.8
879.500,336.8
880.000,338.4
880.500,340.8
881.000,337.6
881.500,337.3
882.000,339.0
882.500,340.7
883.000,335.2
883.500,339.1
884.000,341.5
884.500,335.8
885.000,339.9
885.500,338.9
886.000,345.6
886.500,344.6
887.000,338.2
887.500,339.2
888.000,341.6
888.500,342.6
889.000,343.7
889.500,338.5
890.000,338.8
890.500,343.6
891.000,334.1
891.500,342.1
892.000,341.5
892.500,344.2
893.000,342.6
893.500,339.2
894.000,341.3
894.500,340.5
895.000,337.1
895.500,340.8
896.000,340.2
896.500,341.7
897.000,341.0
897.500,336.4
898.000,342.6
898.500,333.9
899.000,342.6
899.500,337.0
900.000,340.3
900.500,343.3
901.000,340.6
901.500,340.1
902.000,341.8
902.500,337.2
903.000,340.6
903.500,340.1
904.000,343.7
904.500,343.9
905.000,343.9
905.500,339.8
906.000,339.9
906.500,340.0
907.000,338.9
907.500,338.0
908.000,338.1
908.500,341.4
909.000,341.5
909.500,341.9
910.000,340.3
910.500,340.4
911.000,339.8
911.500,342.7
912.000,340.1
912.500,340.7
913.000,337.4
913.500,341.2
914.000,340.0
914.500,340.8
915.000,340.3
915.500,334.0
916.000,341.7
916.500,341.3
917.000,339.1
917.500,339.9
918.000,343.4
918.500,341.7
919.000,341.1
919.500,338.1
920.000,339.9
920.500,339.2
921.000,338.7
921.500,335.7
922.000,340.3
922.500,337.7
923.000,343.8
923.500,334.1
924.000,335.9
924.500,341.0
925.000,336.2
925.500,341.1
926.000,342.4
926.500,341.1
927.000,341.0
927.500,339.1
928.000,342.6
928.500,342.8
929.000,339.6
929.500,341.0
930.000,336.5
930.500,345.7
931.000,339.1
931.500,337.5
932.000,338.5
932.500,340.5
933.000,343.3
933.500,340.1
934.000,342.8
934.500,337.0
935.000,343.5
935.500,343.1
936.000,339.0
936.500,339.4
937.000,340.8
937.500,338.4
938.000,346.1
938.500,337.2
939.000,336.0
939.500,341.7
940.000,341.3
940.500,340.0
941.000,341.7
941.500,344.2
942.000,335.8
942.500,339.8
943.000,341.3
943.500,341.0
944.000,336.2
944.500,334.1
945.000,340.9
945.500,343.4
946.000,340.4
946.500,341.9
947.000,337.5
947.500,338.1
948.000,336.5
948.500,338.3
949.000,337.7
949.500,339.3
950.000,343.0
950.500,340.1
951.000,337.9
951.500,342.0
952.000,341.3
952.500,338.1
953.000,337.1
953.500,339.1
954.000,339.1
954.500,337.6
955.000,336.6
955.500,345.1
956.000,339.7
956.500,338.6
957.000,335.2
957.500,340.5
958.000,345.4
958.500,339.3
959.000,336.3
959.500,335.3
960.000,337.6
960.500,341.2
961.000,335.9
961.500,340.4
962.000,340.6
962.500,342.5
963.000,340.9
963.500,344.4
964.000,341.3
964.500,340.8
965.000,339.8
965.500,338.6
966.000,338.1
966.500,340.2
967.000,341.2
967.500,338.6
968.000,337.7
968.500,342.5
969.000,341.7
969.500,337.7
970.000,340.2
970.500,336.1
971.000,341.9
971.500,339.9
972.000,340.8
972.500,340.4
973.000,340.1
973.500,343.6
974.000,345.7
974.500,341.7
975.000,342.9
975.500,342.6
976.000,337.1
976.500,338.6
977.000,340.3
977.500,339.1
978.000,340.9
978.500,341.0
979.000,342.7
979.500,339.2
980.000,338.1
980.500,334.8
981.000,338.2
981.500,342.2
982.000,337.8
982.500,338.8
983.000,343.1
983.500,339.8
984.000,345.1
984.500,338.2
985.000,340.0
985.500,346.5
986.000,339.7
986.500,334.5
987.000,337.9
987.500,341.9
988.000,342.1
988.500,341.0
989.000,338.4
989.500,337.6
990.000,334.7
990.500,336.6
991.000,342.2
991.500,337.2
992.000,336.2
992.500,342.2
993.000,341.2
993.500,339.3
994.000,339.7
994.500,340.1
995.000,339.1
995.500,338.8
996.000,338.5
996.500,340.6
997.000,342.3
997.500,337.9
998.000,340.3
998.500,343.9
999.000,338.5
999.500,341.7
1000.000,341.6
