"# SPARTA demo dataset (synthetic)","vis_DEMO_glass_5p2.002"
700.500,341.1
701.000,339.1
701.500,340.3
702.000,341.7
702.500,339.4
703.000,340.0
703.500,341.8
704.000,339.9
704.500,338.4
705.000,338.6
705.500,340.5
706.000,341.2
706.500,334.8
707.000,340.2
707.500,343.2
708.000,342.4
708.500,341.9
709.000,335.1
709.500,342.1
710.000,340.0
710.500,336.5
711.000,342.3
711.500,340.0
712.000,342.4
712.500,337.3
713.000,338.3
713.500,337.8
714.000,338.1
714.500,344.0
715.000,344.5
715.500,339.7
716.000,334.4
716.500,340.0
717.000,335.7
717.500,341.5
718.000,341.9
718.500,341.6
719.000,334.5
719.500,342.4
720.000,339.3
720.500,337.6
721.000,340.0
721.500,337.0
722.000,337.8
722.500,341.0
723.000,340.9
723.500,342.7
724.000,337.8
724.500,341.6
725.000,340.7
725.500,335.9
726.000,339.8
726.500,341.8
727.000,340.5
727.500,341.2
728.000,341.7
728.500,341.6
729.000,339.1
729.500,338.9
730.000,342.5
730.500,342.7
731.000,340.8
731.500,346.1
732.000,339.0
732.500,340.1
733.000,337.2
733.500,341.3
734.000,340.0
734.500,340.3
735.000,336.7
735.500,336.6
736.000,339.6
736.500,339.0
737.000,336.5
737.500,339.0
738.000,337.0
738.500,336.6
739.000,337.0
739.500,339.5
740.000,340.7
740.500,341.7
741.000,339.8
741.500,334.9
742.000,338.8
742.500,338.8
743.000,342.8
743.500,341.2
744.000,338.3
744.500,337.5
745.000,338.1
745.500,338.6
746.000,340.2
746.500,342.6
747.000,337.3
747.500,337.1
748.000,341.0
748.500,342.0
749.000,341.9
749.500,342.0
750.000,334.0
750.500,339.8
751.000,340.8
751.500,340.7
752.000,337.1
752.500,337.9
753.000,339.2
753.500,338.3
754.000,339.3
754.500,343.8
755.000,340.8
755.500,338.0
756.000,341.5
756.500,336.9
757.000,338.9
757.500,343.4
758.000,333.7
758.500,336.6
759.000,342.1
759.500,339.4
760.000,342.4
760.500,341.6
761.000,342.2
761.500,340.3
762.000,341.2
762.500,338.7
763.000,341.0
763.500,339.0
764.000,339.4
764.500,339.8
765.000,341.7
765.500,338.2
766.000,338.5
766.500,335.5
767.000,340.9
767.500,337.4
768.000,342.8
768.500,340.1
769.000,340.5
769.500,339.3
770.000,337.0
770.500,342.1
771.000,339.0
771.500,342.1
772.000,340.9
772.500,337.2
773.000,337.1
773.500,340.1
774.000,341.2
774.500,340.2
775.000,335.8
775.500,340.7
776.000,345.2
776.500,341.2
777.000,344.5
777.500,338.7
778.000,336.7
778.500,337.9
779.000,339.4
779.500,345.0
780.000,339.8
780.500,339.5
781.000,341.4
781.500,337.3
782.000,341.7
782.500,339.2
783.000,340.1
783.500,343.6
784.000,338.6
784.500,339.9
785.000,342.6
785.500,339.8
786.000,340.9
786.500,339.0
787.000,339.3
787.500,342.2
788.000,339.3
788.500,341.7
789.000,336.9
789.500,338.8
790.000,341.6
790.500,341.1
791.000,333.8
791.500,340.4
792.000,336.6
792.500,340.0
793.000,337.4
793.500,337.9
794.000,344.3
794.500,338.6
795.000,339.9
795.500,340.6
796.000,338.0
796.500,338.9
797.000,343.4
797.500,341.1
798.000,340.5
798.500,333.7
799.000,336.5
799.500,337.8
800.000,339.4
800.500,337.1
801.000,340.3
801.500,342.2
802.000,336.7
802.500,341.8
803.000,339.5
803.500,336.8
804.000,341.7
804.500,340.3
805.000,342.4
805.500,341.6
806.000,344.8
806.500,341.5
807.000,335.5
807.500,340.1
808.000,340.7
808.500,337.5
809.000,342.2
809.500,339.2
810.000,341.5
810.500,339.3
811.000,342.0
811.500,338.8
812.000,335.9
812.500,332.7
813.000,341.5
813.500,342.6
814.000,337.9
814.500,336.4
815.000,340.7
815.500,338.1
816.000,339.2
816.500,337.8
817.000,338.7
817.500,339.7
818.000,340.4
818.500,337.0
819.000,341.1
819.500,339.8
820.000,344.7
820.500,339.6
821.000,342.6
821.500,338.1
822.000,341.9
822.500,336.1
823.000,345.8
823.500,339.7
824.000,340.2
824.500,342.6
825.000,340.4
825.500,337.9
826.000,345.0
826.500,335.5
827.000,341.5
827.500,340.5
828.000,339.8
828.500,338.5
829.000,341.6
829.500,338.3
830.000,344.3
830.500,337.3
831.000,340.8
831.500,341.7
832.000,339.6
832.500,339.5
833.000,338.5
833.500,339.6
834.000,341.0
834.500,340.2
835.000,342.1
835.500,341.6
836.000,338.1
836.500,340.1
837.000,334.0
837.500,340.3
838.000,341.7
838.500,340.2
839.000,340.1
839.500,340.4
840.000,339.9
840.500,342.2
841.000,337.4
841.500,336.6
842.000,340.1
842.500,339.0
843.000,341.3
843.500,336.2
844.000,345.2
844.500,340.9
845.000,335.2
845.500,339.0
846.000,337.7
846.500,338.6
847.000,339.7
847.500,344.3
848.000,343.9
848.500,337.9
849.000,337.7
849.500,341.6
850.000,338.3
850.500,337.3
851.000,335.0
851.500,335.6
852.000,337.4
852.500,339.2
853.000,342.8
853.500,339.1
854.000,338.1
854.500,337.8
855.000,340.4
855.500,336.9
856.000,335.5
856.500,341.4
857.000,340.9
857.500,340.4
858.000,339.5
858.500,339.2
859.000,340.6
859.500,340.0
860.000,346.5
860.500,343.0
861.000,342.0
861.500,342.3
862.000,344.3
862.500,337.6
863.000,343.7
863.500,342.3
864.000,341.5
864.500,340.2
865.000,339.2
865.500,339.9
866.000,334.9
866.500,340.9
867.000,338.3
867.500,345.2
868.000,343.1
868.500,336.0
869.000,342.5
869.500,340.0
870.000,338.2
870.500,341.6
871.000,339.0
871.500,337.0
872.000,340.6
872.500,339.7
873.000,340.7
873.500,337.6
874.000,342.9
874.500,339.7
875.000,335.7
875.500,340.1
876.000,334.1
876.500,339.3
877.000,338.3
877.500,340.5
878.000,342.6
878.500,340.2
879.000,342.3
879.500,346.0
880.000,338.7
880.500,337.1
881.000,337.1
881.500,339.5
882.000,341.6
882.500,338.6
883.000,338.8
883.500,344.6
884.000,339.3
884.500,338.7
885.000,341.5
885.500,337.4
886.000,340.6
886.500,337.0
887.000,337.9
887.500,338.3
888.000,335.2
888.500,339.5
889.000,337.6
889.500,343.9
890.000,340.7
890.500,345.6
891.000,342.6
891.500,338.2
892.000,335.1
892.500,336.7
893.000,335.6
893.500,346.1
894.000,337.3
894.500,338.9
895.000,339.6
895.500,339.0
896.000,341.2
896.500,345.1
897.000,341.1
897.500,337.6
898.000,343.9
898.500,338.3
899.000,344.2
899.500,340.2
900.000,337.9
900.500,335.4
901.000,341.7
901.500,339.5
902.000,335.8
902.500,342.0
903.000,340.2
903.500,335.1
904.000,339.5
904.500,335.3
905.000,341.2
905.500,339.7
906.000,338.3
906.500,340.8
907.000,342.4
907.500,343.5
908.000,340.9
908.500,343.1
909.000,339.6
909.500,342.7
910.000,341.4
910.500,340.7
911.000,341.1
911.500,338.3
912.000,337.8
912.500,340.7
913.000,339.6
913.500,337.9
914.000,342.0
914.500,339.4
915.000,340.3
915.500,338.2
916.000,341.1
916.500,338.2
917.000,337.4
917.500,340.2
918.000,336.9
918.500,338.5
919.000,340.4
919.500,342.3
920.000,339.6
920.500,337.4
921.000,341.7
921.500,338.5
922.000,339.5
922.500,341.1
923.000,340.4
923.500,343.8
924.000,344.4
924.500,343.9
925.000,339.9
925.500,344.9
926.000,338.8
926.500,342.9
927.000,341.4
927.500,336.8
928.000,334.9
928.500,342.0
929.000,340.0
929.500,336.9
930.000,343.9
930.500,338.2
931.000,344.0
931.500,342.0
932.000,343.1
932.500,342.0
933.000,338.3
933.500,340.1
934.000,334.6
934.500,338.1
935.000,334.6
935.500,334.7
936.000,340.3
936.500,335.6
937.000,339.9
937.500,340.9
938.000,341.9
938.500,341.1
939.000,343.2
939.500,339.8
940.000,340.0
940.500,342.9
941.000,339.5
941.500,339.0
942.000,340.2
942.500,338.2
943.000,340.5
943.500,335.9
944.000,336.6
944.500,345.7
945.000,342.2
945.500,337.0
946.000,336.8
946.500,339.8
947.000,345.0
947.500,340.0
948.000,342.9
948.500,342.0
949.000,341.6
949.500,346.5
950.000,337.6
950.500,340.7
951.000,342.7
951.500,340.7
952.000,343.0
952.500,336.1
953.000,340.4
953.500,340.9
954.000,339.2
954.500,340.3
955.000,341.8
955.500,340.9
956.000,339.0
956.500,340.0
957.000,340.2
957.500,339.6
958.000,338.8
958.500,338.1
959.000,342.9
959.500,340.6
960.000,338.7
960.500,337.5
961.000,334.9
961.500,340.2
962.000,336.8
962.500,339.3
963.000,339.0
963.500,338.0
964.000,342.2
964.500,338.5
965.000,342.3
965.500,341.7
966.000,341.0
966.500,340.5
967.000,341.4
967.500,338.5
968.000,342.9
968.500,339.8
969.000,340.4
969.500,340.3
970.000,343.0
970.500,343.8
971.000,341.1
971.500,337.6
972.000,341.4
972.500,337.4
973.000,339.2
973.500,338.6
974.000,335.9
974.500,339.2
975.000,337.6
975.500,337.4
976.000,339.1
976.500,338.1
977.000,342.2
977.500,340.4
978.000,342.3
978.500,342.6
979.000,341.8
979.500,344.1
980.000,340.0
980.500,343.3
981.000,339.6
981.500,337.9
982.000,338.9
982.500,341.1
983.000,338.6
983.500,340.8
984.000,342.4
984.500,338.7
985.000,341.2
985.500,344.2
986.000,336.6
986.500,345.9
987.000,342.7
987.500,344.1
988.000,337.9
988.500,337.8
989.000,335.3
989.500,341.2
990.000,343.8
990.500,343.8
991.000,341.3
991.500,340.6
992.000,344.4
992.500,338.3
993.000,340.8
993.500,336.9
994.000,340.4
994.500,344.4
995.000,343.0
995.500,340.8
996.000,340.6
996.500,338.1
997.000,340.2
997.500,338.8
998.000,339.6
998.500,340.0
999.000,343.1
999.500,344.3
1000.000,340.0
