"# SPARTA demo dataset (synthetic)","vis_DEMO_glass_5p2_bg.001"
400.000,11058.2
400.501,11054.4
401.002,10558.3
401.503,10495.6
402.003,11036.1
402.504,11272.7
403.005,10838.2
403.506,10545.7
404.007,10946.7
404.508,11398.1
405.008,11166.9
405.509,10703.8
406.010,10841.5
406.511,11399.1
407.012,11474.6
407.513,10994.8
408.013,10805.7
408.514,11278.1
409.015,11666.7
409.516,11370.9
410.017,10922.8
410.518,11118.2
411.018,11670.5
411.519,11735.4
412.020,11242.8
412.521,11043.8
413.022,11504.8
413.523,11929.8
414.023,11687.0
414.524,11212.3
415.025,11298.3
415.526,11857.1
416.027,12053.5
416.528,11619.5
417.028,11278.4
417.529,11612.3
418.030,12144.0
418.531,12096.0
419.032,11588.3
419.533,11439.7
420.033,11925.2
420.534,12342.6
421.035,12111.2
421.536,11614.4
422.037,11646.5
422.538,12208.1
423.038,12498.9
423.539,12138.4
424.040,11697.0
424.541,11873.0
425.042,12439.8
425.543,12624.1
426.043,12193.7
426.544,11813.4
427.045,12076.1
427.546,12649.0
428.047,12754.8
428.548,12282.1
429.048,11946.4
429.549,12263.5
430.050,12822.5
430.551,12882.8
431.052,12403.9
431.553,12086.3
432.053,12421.7
432.554,12975.1
433.055,13033.2
433.556,12556.1
434.057,12234.8
434.558,12548.4
435.058,13109.3
435.559,13203.1
436.060,12749.7
436.561,12382.2
437.062,12643.3
437.563,13213.5
438.063,13390.7
438.564,12972.6
439.065,12548.4
439.566,12711.1
440.067,13284.1
440.568,13567.1
441.068,13233.8
441.569,12743.9
442.070,12777.8
442.571,13316.7
443.072,13722.8
443.573,13514.1
444.073,12993.1
444.574,12849.5
445.075,13299.0
445.576,13821.1
446.077,13803.7
446.578,13314.1
447.078,12984.0
447.579,13260.0
448.080,13842.8
448.581,14058.3
449.082,13689.9
449.583,13214.0
450.083,13230.4
450.584,13764.0
451.085,14213.8
451.586,14075.4
452.087,13557.9
452.588,13301.2
453.088,13645.1
453.589,14225.7
454.090,14395.3
454.591,13999.6
455.092,13525.0
455.593,13551.0
456.093,14090.1
456.594,14548.6
457.095,14457.0
457.596,13937.9
458.097,13629.2
458.598,13896.0
459.098,14484.8
459.599,14767.4
460.100,14465.7
460.601,13954.1
461.102,13819.9
461.603,14241.4
462.104,14809.6
462.604,14910.8
463.105,14488.4
463.606,14030.4
464.107,14049.7
464.608,14579.4
465.109,15071.3
465.609,15038.7
466.110,14551.2
466.611,14155.0
467.112,14298.8
467.613,14858.1
468.114,15289.3
468.614,15174.3
469.115,14658.7
469.616,14312.6
470.117,14511.3
470.618,15096.0
471.119,15491.7
471.619,15327.0
472.120,14812.1
472.621,14491.5
473.122,14708.7
473.623,15291.3
474.124,15679.2
474.624,15525.7
475.125,15009.4
475.626,14668.7
476.127,14870.2
476.628,15449.3
477.129,15868.6
477.629,15749.8
478.130,15245.0
478.631,14853.7
479.132,15008.1
479.633,15560.0
480.134,16028.0
480.634,16006.0
481.135,15530.4
481.636,15082.2
482.137,15116.0
482.638,15624.3
483.139,16151.4
483.639,16261.1
484.140,15863.0
484.641,15351.9
485.142,15239.3
485.643,15637.1
486.144,16217.0
486.644,16493.8
487.145,16225.4
487.646,15695.5
488.147,15401.6
488.648,15631.8
489.149,16211.4
489.649,16655.2
490.150,16596.6
490.651,16125.1
491.152,15663.7
491.653,15659.8
492.154,16132.4
492.654,16695.4
493.155,16903.8
493.656,16590.6
494.157,16063.4
494.658,15787.1
495.159,16034.0
495.659,16614.4
496.160,17063.2
496.661,17035.5
497.162,16576.7
497.663,16097.8
498.164,16025.7
498.664,16435.5
499.165,17019.5
499.666,17326.6
500.167,17126.7
500.668,16608.4
501.169,16221.6
501.669,16298.7
502.170,16804.6
502.671,17358.3
503.172,17539.5
503.673,17227.0
504.174,16698.8
504.674,16389.8
505.175,16576.9
505.676,17131.5
506.177,17644.2
506.678,17741.8
507.179,17371.8
507.679,16849.7
508.180,16592.7
508.681,16830.2
509.182,17401.1
509.683,17890.5
510.184,17948.7
510.684,17558.6
511.185,17039.9
511.686,16798.2
512.187,17045.0
512.688,17615.1
513.189,18105.8
513.689,18174.6
514.190,17802.2
514.691,17282.6
515.192,17004.4
515.693,17211.7
516.194,17755.6
516.694,18287.9
517.195,18429.7
517.696,18096.9
518.197,17569.8
518.698,17235.0
519.199,17357.0
519.699,17870.0
520.200,18426.8
520.701,18672.2
521.202,18431.0
521.703,17922.6
522.204,17497.2
522.705,17482.4
523.205,17912.3
523.706,18501.1
524.207,18872.2
524.708,18798.5
525.209,18336.4
525.710,17839.1
526.210,17647.8
526.711,17925.3
527.212,18490.6
527.713,19007.5
528.214,19123.6
528.715,18800.5
529.215,18271.2
529.716,17897.7
530.217,17951.6
530.718,18411.1
531.219,19005.8
531.720,19350.1
532.220,19260.3
532.721,18800.1
533.222,18299.9
533.723,18088.9
534.224,18317.8
534.725,18870.5
535.225,19417.3
535.726,19607.8
536.227,19356.3
536.728,18855.5
537.229,18414.5
537.730,18331.8
538.230,18683.4
538.731,19265.2
539.232,19735.2
539.733,19826.3
540.234,19500.9
540.735,18976.7
541.235,18585.0
541.736,18590.5
542.237,19001.7
542.738,19586.5
543.239,20015.9
543.740,20053.0
544.240,19690.3
544.741,19154.3
545.242,18793.4
545.743,18833.5
546.244,19258.6
546.745,19845.7
547.245,20272.1
547.746,20290.2
548.247,19930.7
548.748,19395.1
549.249,19030.0
549.750,19051.1
550.250,19450.7
550.751,20037.8
551.252,20480.6
551.753,20556.8
552.254,20223.5
552.755,19705.1
553.255,19294.4
553.756,19236.8
554.257,19596.4
554.758,20167.4
555.259,20652.5
555.760,20822.3
556.260,20569.6
556.761,20076.5
557.262,19612.1
557.763,19439.6
558.264,19685.2
558.765,20207.7
559.265,20774.1
559.766,21052.2
560.267,20961.0
560.768,20522.5
561.269,20007.9
561.770,19693.8
562.270,19757.0
562.771,20192.6
563.272,20782.6
563.773,21220.1
564.274,21304.4
564.775,21006.5
565.275,20508.0
565.776,20048.9
566.277,19903.0
566.778,20158.0
567.279,20685.4
567.780,21236.2
568.280,21552.4
568.781,21479.0
569.282,21078.9
569.783,20552.1
570.284,20190.6
570.785,20176.0
571.285,20537.5
571.786,21102.5
572.287,21603.2
572.788,21827.2
573.289,21656.4
573.790,21197.8
574.290,20698.2
574.791,20386.5
575.292,20450.5
575.793,20860.6
576.294,21434.9
576.795,21903.4
577.295,22077.2
577.796,21870.9
578.297,21388.8
578.798,20895.6
579.299,20614.6
579.800,20702.4
580.301,21109.3
580.801,21683.8
581.302,22162.7
581.803,22323.1
582.304,22131.9
582.805,21662.3
583.306,21154.4
583.806,20858.7
584.307,20905.5
584.808,21297.0
585.309,21862.8
585.810,22351.1
586.311,22571.2
586.811,22432.2
587.312,21996.1
587.813,21484.5
588.314,21128.4
588.815,21105.6
589.316,21412.5
589.816,21948.4
590.317,22477.5
590.818,22793.9
591.319,22765.1
591.820,22404.8
592.321,21895.5
592.821,21465.9
593.322,21295.6
593.823,21480.6
594.324,21964.8
594.825,22519.2
595.326,22947.2
595.826,23080.8
596.327,22857.5
596.828,22389.5
597.329,21886.7
597.830,21580.8
598.331,21566.0
598.831,21910.9
599.332,22447.5
599.833,22975.7
600.334,23292.5
600.835,23275.2
601.336,22940.3
601.836,22437.5
602.337,21980.4
602.838,21765.6
603.339,21886.9
603.840,22286.3
604.341,22844.3
604.841,23332.5
605.342,23562.6
605.843,23463.4
606.344,23083.8
606.845,22572.4
607.346,22150.9
607.846,21987.3
608.347,22148.3
608.848,22595.2
609.349,23152.5
609.850,23609.7
610.351,23820.2
610.851,23697.1
611.352,23298.2
611.853,22790.2
612.354,22367.4
612.855,22197.2
613.356,22372.4
613.856,22812.7
614.357,23357.9
614.858,23820.7
615.359,24055.8
615.860,23966.0
616.361,23582.7
616.861,23089.5
617.362,22647.7
617.863,22440.2
618.364,22551.6
618.865,22933.0
619.366,23466.9
619.866,23972.0
620.367,24275.7
620.868,24252.4
621.369,23935.6
621.870,23462.1
622.371,22985.2
622.871,22685.7
623.372,22689.1
623.873,22994.1
624.374,23493.8
624.875,24033.2
625.376,24416.2
625.876,24526.0
626.377,24341.5
626.878,23929.2
627.379,23423.0
627.880,23033.0
628.381,22869.8
628.881,23010.4
629.382,23423.4
629.883,23959.6
630.384,24451.8
630.885,24734.5
631.386,24721.7
631.886,24441.8
632.387,23965.3
632.888,23483.9
633.389,23154.2
633.890,23103.3
634.391,23321.5
634.891,23778.9
635.392,24325.1
635.893,24761.6
636.394,24981.3
636.895,24902.7
637.396,24573.9
637.896,24094.9
638.397,23637.4
638.898,23337.5
639.399,23313.7
639.900,23577.0
640.401,24038.9
640.902,24576.2
641.402,24998.4
641.903,25214.4
642.404,25125.6
642.905,24788.5
643.406,24321.7
643.907,23853.7
644.407,23558.0
644.908,23511.9
645.409,23757.0
645.910,24198.1
646.411,24726.2
646.912,25168.8
647.412,25403.5
647.913,25368.5
648.414,25078.9
648.915,24619.7
649.416,24147.4
649.917,23806.2
650.417,23691.2
650.918,23854.0
651.419,24248.8
651.920,24763.2
652.421,25247.2
652.922,25558.0
653.422,25628.1
653.923,25424.0
654.424,25007.9
654.925,24531.4
655.426,24115.5
655.927,23896.9
656.427,23940.0
656.928,24231.6
657.429,24692.8
657.930,25202.9
658.431,25623.4
658.932,25827.5
659.432,25771.3
659.933,25472.7
660.434,25013.6
660.935,24540.0
661.436,24186.9
661.937,24068.1
662.437,24189.9
662.938,24541.5
663.439,25037.5
663.940,25525.2
664.441,25897.9
664.942,26030.5
665.442,25907.8
665.943,25569.4
666.444,25100.7
666.945,24651.3
667.446,24331.7
667.947,24237.5
668.447,24403.4
668.948,24759.8
669.449,25259.8
669.950,25749.6
670.451,26085.4
670.952,26208.9
671.452,26090.6
671.953,25759.5
672.454,25292.3
672.955,24853.3
673.456,24512.2
673.957,24392.8
674.457,24539.1
674.958,24879.6
675.459,25356.7
675.960,25845.3
676.461,26213.6
676.962,26379.4
677.462,26313.6
677.963,26015.0
678.464,25575.0
678.965,25116.5
679.466,24744.0
679.967,24557.0
680.467,24625.2
680.968,24898.9
681.469,25342.5
681.970,25827.5
682.471,26252.3
682.972,26501.8
683.472,26539.1
683.973,26335.8
684.474,25942.1
684.975,25488.7
685.476,25061.2
685.977,24775.9
686.477,24706.2
686.978,24866.8
687.479,25220.8
687.980,25693.8
688.481,26156.6
688.982,26523.7
689.482,26690.3
689.983,26628.7
690.484,26358.5
690.985,25948.7
691.486,25485.5
691.987,25102.6
692.487,24865.1
692.988,24857.8
693.489,25059.1
693.990,25441.8
694.491,25912.7
694.992,26365.4
695.492,26691.4
695.993,26830.6
696.494,26737.7
696.995,26463.3
697.496,26044.0
697.997,25597.3
698.497,25219.1
698.998,24999.5
699.499,24982.0
700.000,25178.2
