"# SPARTA demo dataset (synthetic)","vis_DEMO_glass_12p8.001"
400.000,340.0
400.501,339.0
401.002,341.1
401.503,345.3
402.003,338.0
402.504,341.3
403.005,340.8
403.506,338.5
404.007,344.6
404.508,338.0
405.008,341.3
405.509,340.0
406.010,339.9
406.511,343.9
407.012,338.7
407.513,336.2
408.013,336.3
408.514,343.0
409.015,333.5
409.516,340.8
410.017,341.2
410.518,338.2
411.018,337.3
411.519,339.7
412.020,338.8
412.521,337.6
413.022,335.4
413.523,341.5
414.023,335.2
414.524,338.8
415.025,337.5
415.526,337.1
416.027,338.5
416.528,341.7
417.028,339.3
417.529,340.4
418.030,343.3
418.531,337.6
419.032,339.2
419.533,341.9
420.033,338.1
420.534,338.9
421.035,340.3
421.536,338.0
422.037,339.2
422.538,340.1
423.038,347.7
423.539,344.9
424.040,344.7
424.541,338.5
425.042,340.2
425.543,338.4
426.043,340.6
426.544,344.0
427.045,344.2
427.546,338.8
428.047,342.2
428.548,337.9
429.048,336.5
429.549,339.4
430.050,340.6
430.551,340.3
431.052,336.6
431.553,339.8
432.053,336.6
432.554,345.6
433.055,334.1
433.556,347.0
434.057,335.9
434.558,338.6
435.058,342.0
435.559,339.1
436.060,335.6
436.561,340.2
437.062,337.1
437.563,338.2
438.063,334.4
438.564,339.4
439.065,339.5
439.566,339.3
440.067,341.0
440.568,339.4
441.068,341.0
441.569,338.3
442.070,340.0
442.571,337.2
443.072,339.1
443.573,338.6
444.073,341.8
444.574,341.6
445.075,336.5
445.576,344.3
446.077,336.0
446.578,336.8
447.078,341.5
447.579,338.9
448.080,340.1
448.581,343.5
449.082,338.2
449.583,333.7
450.083,338.8
450.584,339.2
451.085,347.3
451.586,343.2
452.087,341.0
452.588,341.5
453.088,341.4
453.589,339.3
454.090,339.6
454.591,344.1
455.092,338.3
455.593,341.7
456.093,340.3
456.594,339.5
457.095,342.7
457.596,341.4
458.097,340.7
458.598,339.0
459.098,339.6
459.599,344.9
460.100,339.1
460.601,342.1
461.102,337.3
461.603,340.8
462.104,344.3
462.604,340.3
463.105,338.2
463.606,338.8
464.107,340.8
464.608,344.4
465.109,343.5
465.609,338.5
466.110,338.5
466.611,343.0
467.112,339.2
467.613,338.6
468.114,339.9
468.614,342.2
469.115,339.9
469.616,339.3
470.117,343.2
470.618,341.0
471.119,344.4
471.619,343.8
472.120,338.9
472.621,341.4
473.122,342.1
473.623,339.4
474.124,343.2
474.624,341.6
475.125,344.2
475.626,338.4
476.127,340.7
476.628,343.7
477.129,344.7
477.629,338.9
478.130,339.7
478.631,338.7
479.132,342.3
479.633,340.8
480.134,346.2
480.634,341.3
481.135,336.3
481.636,335.0
482.137,341.4
482.638,340.6
483.139,338.4
483.639,340.4
484.140,339.5
484.641,337.5
485.142,339.7
485.643,339.7
486.144,341.3
486.644,341.4
487.145,340.4
487.646,339.4
488.147,338.6
488.648,339.5
489.149,332.1
489.649,342.0
490.150,339.8
490.651,340.1
491.152,344.2
491.653,343.0
492.154,340.8
492.654,340.4
493.155,343.5
493.656,337.9
494.157,346.4
494.658,344.7
495.159,337.7
495.659,341.7
496.160,341.5
496.661,339.4
497.162,338.4
497.663,337.6
498.164,339.9
498.664,337.1
499.165,338.0
499.666,343.6
500.167,340.8
500.668,342.5
501.169,342.3
501.669,342.3
502.170,337.6
502.671,339.8
503.172,340.6
503.673,340.1
504.174,337.4
504.674,341.7
505.175,340.4
505.676,342.4
506.177,345.3
506.678,341.1
507.179,338.5
507.679,344.2
508.180,341.8
508.681,340.0
509.182,341.4
509.683,342.8
510.184,338.8
510.684,339.6
511.185,344.1
511.686,341.4
512.187,340.9
512.688,337.3
513.189,340.8
513.689,339.6
514.190,337.8
514.691,338.5
515.192,338.7
515.693,342.0
516.194,342.2
516.694,340.8
517.195,339.8
517.696,342.3
518.197,338.4
518.698,335.6
519.199,342.5
519.699,340.2
520.200,340.7
520.701,341.1
521.202,340.2
521.703,339.0
522.204,344.8
522.705,341.0
523.205,340.0
523.706,335.4
524.207,338.1
524.708,339.8
525.209,340.9
525.710,338.7
526.210,339.2
526.711,339.3
527.212,338.0
527.713,341.5
528.214,337.1
528.715,337.5
529.215,336.7
529.716,339.2
530.217,340.1
530.718,339.6
531.219,341.8
531.720,338.9
532.220,343.6
532.721,340.3
533.222,338.9
533.723,343.8
534.224,340.3
534.725,335.3
535.225,338.7
535.726,335.2
536.227,342.3
536.728,340.1
537.229,340.2
537.730,342.2
538.230,343.9
538.731,339.0
539.232,343.3
539.733,342.3
540.234,335.0
540.735,341.2
541.235,337.9
541.736,341.1
542.237,338.5
542.738,340.0
543.239,338.7
543.740,340.8
544.240,336.4
544.741,341.9
545.242,339.7
545.743,343.3
546.244,338.6
546.745,339.4
547.245,339.7
547.746,338.2
548.247,336.7
548.748,336.5
549.249,335.9
549.750,342.1
550.250,337.4
550.751,338.3
551.252,337.2
551.753,339.4
552.254,343.9
552.755,342.6
553.255,342.7
553.756,344.5
554.257,338.3
554.758,342.2
555.259,338.1
555.760,337.7
556.260,337.8
556.761,336.3
557.262,340.7
557.763,341.1
558.264,341.7
558.765,340.6
559.265,344.0
559.766,336.4
560.267,340.3
560.768,335.8
561.269,336.2
561.770,338.8
562.270,340.0
562.771,342.9
563.272,337.7
563.773,342.3
564.274,340.7
564.775,338.0
565.275,338.1
565.776,337.7
566.277,339.6
566.778,336.8
567.279,340.2
567.780,339.9
568.280,335.7
568.781,344.9
569.282,336.1
569.783,341.0
570.284,339.4
570.785,338.8
571.285,340.0
571.786,340.9
572.287,342.4
572.788,342.3
573.289,338.4
573.790,339.6
574.290,338.9
574.791,339.3
575.292,344.5
575.793,339.0
576.294,339.0
576.795,337.2
577.295,335.7
577.796,340.9
578.297,341.4
578.798,340.9
579.299,338.7
579.800,344.5
580.301,339.0
580.801,340.6
581.302,340.3
581.803,339.3
582.304,333.5
582.805,339.8
583.306,335.9
583.806,341.5
584.307,340.7
584.808,335.3
585.309,338.8
585.810,337.0
586.311,341.2
586.811,338.5
587.312,339.4
587.813,340.0
588.314,342.0
588.815,342.3
589.316,342.3
589.816,341.7
590.317,339.5
590.818,340.9
591.319,339.3
591.820,340.8
592.321,338.1
592.821,339.7
593.322,339.3
593.823,342.9
594.324,333.5
594.825,337.5
595.326,342.1
595.826,339.1
596.327,341.2
596.828,339.2
597.329,341.6
597.830,342.4
598.331,338.4
598.831,341.8
599.332,334.0
599.833,340.2
600.334,339.2
600.835,338.9
601.336,341.5
601.836,335.7
602.337,343.7
602.838,338.0
603.339,340.0
603.840,343.0
604.341,338.4
604.841,339.9
605.342,336.8
605.843,344.8
606.344,339.5
606.845,337.1
607.346,343.0
607.846,341.9
608.347,338.0
608.848,337.1
609.349,340.2
609.850,335.7
610.351,338.0
610.851,343.1
611.352,339.1
611.853,343.7
612.354,339.4
612.855,341.2
613.356,337.2
613.856,337.3
614.357,338.8
614.858,337.5
615.359,341.2
615.860,343.7
616.361,342.9
616.861,339.6
617.362,341.4
617.863,343.7
618.364,340.5
618.865,340.6
619.366,338.2
619.866,336.7
620.367,337.6
620.868,341.4
621.369,340.9
621.870,343.7
622.371,341.9
622.871,339.3
623.372,338.5
623.873,341.9
624.374,339.7
624.875,338.2
625.376,345.4
625.876,337.7
626.377,338.6
626.878,345.4
627.379,340.3
627.880,337.9
628.381,338.6
628.881,338.4
629.382,339.5
629.883,339.5
630.384,338.8
630.885,342.0
631.386,335.3
631.886,343.8
632.387,338.8
632.888,339.2
633.389,341.6
633.890,340.2
634.391,339.1
634.891,341.2
635.392,337.6
635.893,341.0
636.394,343.3
636.895,342.1
637.396,344.9
637.896,341.2
638.397,340.8
638.898,341.7
639.399,340.0
639.900,337.1
640.401,337.2
640.902,339.8
641.402,338.8
641.903,340.4
642.404,338.9
642.905,340.2
643.406,346.1
643.907,338.3
644.407,339.9
644.908,337.7
645.409,337.1
645.910,336.1
646.411,343.3
646.912,340.1
647.412,340.9
647.913,342.4
648.414,340.3
648.915,343.1
649.416,339.2
649.917,340.0
650.417,336.1
650.918,341.1
651.419,340.8
651.920,340.8
652.421,337.8
652.922,339.5
653.422,337.4
653.923,336.2
654.424,340.3
654.925,342.4
655.426,341.0
655.927,340.7
656.427,344.0
656.928,335.6
657.429,341.4
657.930,341.9
658.431,341.4
658.932,341.4
659.432,337.8
659.933,345.3
660.434,339.0
660.935,339.6
661.436,342.2
661.937,346.4
662.437,337.9
662.938,339.1
663.439,338.3
663.940,335.8
664.441,337.4
664.942,339.9
665.442,341.9
665.943,343.6
666.444,339.7
666.945,342.2
667.446,341.2
667.947,336.5
668.447,334.8
668.948,343.7
669.449,340.8
669.950,339.2
670.451,345.0
670.952,341.8
671.452,339.4
671.953,339.5
672.454,339.2
672.955,337.0
673.456,342.1
673.957,337.3
674.457,342.5
674.958,333.7
675.459,341.2
675.960,341.5
676.461,338.7
676.962,339.2
677.462,344.5
677.963,346.2
678.464,341.1
678.965,341.8
679.466,343.0
679.967,342.4
680.467,335.6
680.968,339.7
681.469,339.7
681.970,339.8
682.471,338.4
682.972,340.0
683.472,338.8
683.973,339.8
684.474,342.0
684.975,336.8
685.476,332.6
685.977,335.2
686.477,341.7
686.978,338.4
687.479,341.5
687.980,339.4
688.481,342.4
688.982,340.5
689.482,339.1
689.983,342.3
690.484,337.9
690.985,340.3
691.486,341.6
691.987,341.1
692.487,346.2
692.988,338.1
693.489,341.1
693.990,345.0
694.491,345.3
694.992,338.0
695.492,338.5
695.993,344.1
696.494,341.5
696.995,342.0
697.496,338.2
697.997,339.5
698.497,341.6
698.998,341.0
699.499,341.9
700.000,341.4
