"# SPARTA demo dataset (synthetic)","vis_DEMO_glass_0p0_bg.001"
400.000,10367.9
400.501,10510.0
401.002,10942.0
401.503,11232.7
402.003,11097.4
402.504,10714.6
403.005,10518.9
403.506,10734.8
404.007,11172.3
404.508,11405.2
405.008,11224.0
405.509,10838.1
406.010,10679.4
406.511,10927.5
407.012,11369.0
407.513,11581.1
408.013,11378.7
408.514,10993.3
409.015,10836.4
409.516,11098.4
410.017,11541.8
410.518,11756.2
411.018,11567.1
411.519,11183.3
412.020,11001.3
412.521,11230.6
413.022,11677.0
413.523,11936.3
414.023,11794.0
414.524,11410.5
415.025,11179.4
415.526,11331.1
416.027,11762.0
416.528,12098.1
417.028,12032.2
417.529,11684.5
418.030,11373.7
418.531,11425.3
419.032,11817.7
419.533,12220.7
420.033,12288.5
420.534,11993.6
421.035,11629.0
421.536,11538.5
422.037,11833.6
422.538,12279.3
423.038,12500.0
423.539,12341.0
424.040,11955.5
424.541,11711.0
425.042,11841.6
425.543,12254.9
426.043,12633.5
426.544,12661.4
427.045,12355.5
427.546,11992.6
428.047,11896.5
428.548,12187.7
429.048,12634.6
429.549,12893.9
430.050,12774.4
430.551,12400.2
431.052,12108.9
431.553,12145.6
432.053,12523.7
432.554,12949.4
433.055,13110.3
433.556,12890.4
434.057,12496.0
434.558,12274.1
435.058,12410.2
435.559,12827.4
436.060,13218.0
436.561,13302.9
437.062,13034.2
437.563,12648.9
438.063,12460.7
438.564,12651.2
439.065,13077.5
439.566,13457.1
440.067,13507.9
440.568,13222.6
441.068,12837.3
441.569,12669.8
442.070,12855.4
442.571,13283.6
443.072,13665.1
443.573,13732.9
444.073,13455.3
444.574,13067.2
445.075,12866.8
445.576,13031.1
446.077,13443.1
446.578,13849.8
447.078,13968.2
447.579,13735.2
448.080,13348.6
448.581,13089.7
449.082,13174.4
449.583,13552.1
450.083,13989.9
450.584,14196.7
451.085,14051.7
451.586,13683.1
452.087,13355.4
452.588,13324.9
453.088,13621.3
453.589,14073.7
454.090,14387.7
454.591,14383.8
455.092,14067.0
455.593,13682.2
456.093,13504.1
456.594,13674.0
457.095,14084.9
457.596,14504.3
458.097,14667.5
458.598,14492.5
459.098,14109.0
459.599,13792.3
460.100,13762.5
460.601,14053.9
461.102,14499.3
461.603,14850.7
462.104,14888.5
462.604,14615.0
463.105,14216.1
463.606,13970.0
464.107,14043.3
464.608,14414.3
465.109,14861.9
465.609,15132.8
466.110,15093.4
466.611,14765.6
467.112,14381.9
467.613,14193.1
468.114,14319.1
468.614,14714.6
469.115,15155.1
469.616,15399.6
470.117,15322.0
470.618,14978.2
471.119,14596.6
471.619,14417.7
472.120,14569.8
472.621,14975.7
473.122,15405.9
473.623,15660.5
474.124,15584.8
474.624,15252.6
475.125,14868.6
475.626,14669.8
476.127,14784.4
476.628,15159.2
477.129,15608.6
477.629,15896.0
478.130,15880.7
478.631,15579.1
479.132,15191.9
479.633,14937.8
480.134,14972.0
480.634,15301.4
481.135,15754.4
481.636,16104.8
482.137,16180.9
482.638,15964.2
483.139,15567.9
483.639,15251.3
484.140,15173.2
484.641,15390.5
485.142,15823.9
485.643,16253.5
486.144,16460.3
486.644,16365.0
487.145,16029.5
487.646,15640.2
488.147,15414.7
488.648,15490.0
489.149,15842.5
489.649,16295.8
490.150,16647.6
490.651,16736.5
491.152,16540.6
491.653,16148.8
492.154,15804.0
492.654,15672.1
493.155,15842.0
493.656,16230.2
494.157,16677.8
494.658,16982.9
495.159,16995.3
495.659,16732.4
496.160,16338.5
496.661,16023.6
497.162,15936.7
497.663,16150.5
498.164,16573.6
498.664,17005.2
499.165,17276.1
499.666,17266.9
500.167,16997.0
500.668,16599.4
501.169,16286.6
501.669,16209.5
502.170,16409.8
502.671,16830.8
503.172,17274.2
503.673,17557.5
504.174,17567.9
504.674,17315.1
505.175,16929.4
505.676,16590.0
506.177,16467.4
506.678,16639.7
507.179,17027.4
507.679,17479.2
508.180,17808.6
508.681,17895.0
509.182,17688.6
509.683,17327.4
510.184,16955.2
510.684,16752.8
511.185,16828.9
511.686,17154.1
512.187,17610.6
512.688,18003.0
513.189,18186.0
513.689,18108.3
514.190,17798.2
514.691,17403.9
515.192,17103.6
515.693,17033.5
516.194,17244.4
516.694,17644.9
517.195,18096.0
517.696,18419.6
518.197,18497.1
518.698,18307.2
519.199,17945.2
519.699,17562.8
520.200,17335.9
520.701,17358.8
521.202,17640.8
521.703,18072.9
522.204,18510.7
522.705,18775.3
523.205,18791.6
523.706,18557.2
524.207,18166.8
524.708,17813.1
525.209,17615.0
525.710,17673.3
526.210,17972.8
526.711,18414.5
527.212,18837.6
527.713,19092.4
528.214,19095.3
528.715,18851.0
529.215,18472.5
529.716,18118.1
530.217,17911.8
530.718,17953.9
531.219,18249.5
531.720,18674.8
532.220,19102.9
532.721,19388.3
533.222,19428.1
533.723,19234.5
534.224,18854.0
534.725,18482.7
535.225,18234.6
535.726,18216.2
536.227,18451.0
536.728,18840.2
537.229,19290.4
537.730,19634.5
538.230,19762.3
538.731,19641.8
539.232,19324.0
539.733,18925.2
540.234,18605.6
540.735,18481.5
541.235,18611.4
541.736,18948.0
542.237,19395.6
542.738,19807.5
543.239,20054.7
543.740,20064.4
544.240,19843.3
544.741,19479.5
545.242,19094.5
545.743,18848.7
546.244,18807.0
546.745,19008.8
547.245,19389.4
547.746,19841.5
548.247,20216.5
548.748,20407.8
549.249,20362.1
549.750,20102.1
550.250,19724.7
550.751,19353.0
551.252,19133.4
551.753,19123.5
552.254,19346.4
552.755,19744.5
553.255,20193.6
553.756,20555.8
554.257,20736.4
554.758,20683.5
555.259,20428.0
555.760,20052.3
556.260,19685.1
556.761,19441.4
557.262,19423.2
557.763,19631.5
558.264,20011.4
558.765,20461.7
559.265,20838.9
559.766,21058.7
560.267,21047.4
560.768,20829.4
561.269,20471.3
561.770,20087.8
562.270,19804.3
562.771,19715.7
563.272,19846.3
563.773,20181.3
564.274,20616.3
564.775,21040.4
565.275,21329.2
565.776,21415.7
566.277,21277.6
566.778,20977.4
567.279,20585.8
567.780,20242.4
568.280,20045.5
568.781,20059.0
569.282,20291.9
569.783,20672.6
570.284,21114.7
570.785,21494.6
571.285,21715.4
571.786,21726.7
572.287,21533.7
572.788,21190.2
573.289,20807.0
573.790,20498.0
574.290,20337.5
574.791,20406.3
575.292,20666.2
575.793,21072.3
576.294,21510.5
576.795,21869.9
577.295,22069.7
577.796,22067.0
578.297,21844.3
578.798,21505.3
579.299,21112.4
579.800,20807.2
580.301,20657.9
580.801,20716.1
581.302,20961.6
581.803,21352.8
582.304,21783.4
582.805,22153.9
583.306,22386.6
583.806,22417.7
584.307,22229.1
584.808,21901.7
585.309,21526.6
585.810,21193.4
586.311,20984.8
586.811,20989.9
587.312,21185.8
587.813,21539.3
588.314,21976.1
588.815,22371.5
589.316,22655.7
589.816,22771.7
590.317,22673.5
590.818,22393.5
591.319,22031.1
591.820,21662.6
592.321,21389.2
592.821,21274.8
593.322,21366.9
593.823,21634.9
594.324,22019.5
594.825,22464.2
595.326,22830.6
595.826,23048.7
596.327,23099.1
596.828,22934.0
597.329,22629.1
597.830,22254.9
598.331,21911.0
598.831,21656.9
599.332,21592.2
599.833,21699.1
600.334,22002.6
600.835,22399.9
601.336,22815.8
601.836,23179.1
602.337,23394.6
602.838,23415.4
603.339,23260.6
603.840,22953.2
604.341,22593.8
604.841,22243.2
605.342,21984.9
605.843,21897.0
606.344,21994.2
606.845,22265.8
607.346,22640.4
607.846,23076.4
608.347,23441.9
608.848,23689.2
609.349,23753.3
609.850,23649.9
610.351,23382.7
610.851,23021.1
611.352,22644.4
611.853,22368.4
612.354,22199.5
612.855,22234.6
613.356,22435.7
613.856,22782.4
614.357,23190.6
614.858,23589.6
615.359,23910.4
615.860,24080.0
616.361,24051.5
616.861,23870.8
617.362,23565.1
617.863,23183.6
618.364,22838.4
618.865,22590.1
619.366,22497.7
619.866,22580.3
620.367,22816.1
620.868,23179.4
621.369,23597.2
621.870,23987.9
622.371,24265.5
622.871,24405.5
623.372,24359.1
623.873,24152.3
624.374,23823.5
624.875,23463.4
625.376,23129.1
625.876,22877.6
626.377,22785.8
626.878,22877.7
627.379,23110.3
627.880,23462.5
628.381,23874.1
628.881,24263.4
629.382,24557.0
629.883,24706.3
630.384,24693.6
630.885,24517.1
631.386,24208.6
631.886,23854.3
632.387,23495.1
632.888,23223.2
633.389,23086.2
633.890,23121.4
634.391,23296.4
634.891,23615.2
635.392,24007.4
635.893,24411.3
636.394,24737.1
636.895,24976.5
637.396,25030.1
637.896,24915.5
638.397,24680.6
638.898,24354.0
639.399,23978.2
639.900,23651.2
640.401,23435.3
640.902,23362.6
641.402,23435.5
641.903,23658.3
642.404,24012.9
642.905,24403.7
643.406,24791.3
643.907,25097.5
644.407,25295.0
644.908,25303.7
645.409,25185.5
645.910,24914.1
646.411,24585.7
646.912,24229.5
647.412,23905.8
647.913,23705.3
648.414,23620.7
648.915,23695.7
649.416,23920.0
649.917,24265.3
650.417,24643.7
650.918,25039.1
651.419,25353.5
651.920,25546.9
652.421,25604.8
652.922,25497.0
653.422,25263.4
653.923,24950.4
654.424,24586.5
654.925,24265.3
655.426,24017.0
655.927,23879.7
656.427,23914.1
656.928,24079.9
657.429,24373.1
657.930,24741.1
658.431,25137.8
658.932,25479.3
659.432,25729.3
659.933,25863.6
660.434,25845.2
660.935,25685.2
661.436,25409.0
661.937,25063.8
662.437,24707.0
662.938,24420.2
663.439,24201.3
663.940,24120.3
664.441,24181.5
664.942,24388.0
665.442,24693.3
665.943,25076.8
666.444,25440.9
666.945,25783.9
667.446,26017.5
667.947,26129.7
668.447,26095.1
668.948,25915.6
669.449,25643.9
669.950,25307.5
670.451,24957.6
670.952,24649.2
671.452,24437.0
671.953,24352.6
672.454,24404.4
672.955,24579.8
673.456,24866.7
673.957,25226.5
674.457,25601.3
674.958,25945.8
675.459,26200.8
675.960,26349.2
676.461,26337.5
676.962,26223.8
677.462,25982.0
677.963,25666.7
678.464,25315.8
678.965,24994.3
679.466,24743.0
679.967,24581.0
680.467,24585.7
680.968,24692.9
681.469,24913.8
681.970,25241.9
682.471,25598.6
682.972,25962.3
683.472,26268.6
683.973,26479.7
684.474,26571.3
684.975,26541.0
685.476,26384.3
685.977,26123.6
686.477,25786.5
686.978,25446.3
687.479,25143.0
687.980,24907.9
688.481,24773.4
688.982,24774.3
689.482,24886.2
689.983,25121.9
690.484,25436.4
690.985,25784.8
691.486,26147.6
691.987,26443.8
692.487,26670.4
692.988,26766.5
693.489,26747.7
693.990,26597.6
694.491,26359.2
694.992,26048.2
695.492,25710.1
695.993,25394.1
696.494,25137.8
696.995,24974.2
697.496,24924.1
697.997,24997.9
698.497,25189.7
698.998,25469.0
699.499,25799.6
700.000,26157.0
