"# SPARTA demo dataset (synthetic)","vis_DEMO_glass_8p4_D.001"
400.000,346.9
400.501,338.2
401.002,337.9
401.503,340.5
402.003,344.8
402.504,342.3
403.005,341.6
403.506,339.7
404.007,342.7
404.508,337.9
405.008,342.6
405.509,337.8
406.010,341.3
406.511,345.8
407.012,341.6
407.513,340.7
408.013,339.4
408.514,335.3
409.015,338.2
409.516,343.6
410.017,342.1
410.518,332.0
411.018,336.4
411.519,342.6
412.020,339.1
412.521,340.2
413.022,338.9
413.523,339.9
414.023,338.1
414.524,339.2
415.025,342.1
415.526,338.3
416.027,341.5
416.528,337.7
417.028,340.5
417.529,343.5
418.030,339.1
418.531,337.5
419.032,342.6
419.533,337.4
420.033,340.1
420.534,342.8
421.035,340.7
421.536,342.1
422.037,337.6
422.538,338.3
423.038,343.7
423.539,342.8
424.040,341.4
424.541,340.8
425.042,340.2
425.543,340.2
426.043,343.2
426.544,342.2
427.045,341.6
427.546,336.4
428.047,337.9
428.548,339.1
429.048,341.6
429.549,336.6
430.050,340.0
430.551,342.3
431.052,338.0
431.553,340.6
432.053,338.5
432.554,338.7
433.055,337.3
433.556,338.7
434.057,339.1
434.558,340.9
435.058,340.8
435.559,335.5
436.060,340.5
436.561,343.4
437.062,341.9
437.563,340.5
438.063,340.8
438.564,341.2
439.065,339.2
439.566,340.1
440.067,341.9
440.568,339.5
441.068,344.5
441.569,339.2
442.070,340.1
442.571,337.9
443.072,345.0
443.573,333.1
444.073,339.2
444.574,338.4
445.075,339.5
445.576,339.6
446.077,343.2
446.578,340.7
447.078,339.6
447.579,338.4
448.080,340.9
448.581,342.2
449.082,338.0
449.583,342.0
450.083,336.6
450.584,341.4
451.085,337.6
451.586,344.2
452.087,339.3
452.588,340.6
453.088,340.2
453.589,341.6
454.090,334.0
454.591,342.0
455.092,343.3
455.593,341.1
456.093,337.5
456.594,339.6
457.095,341.6
457.596,337.3
458.097,343.0
458.598,337.5
459.098,338.9
459.599,341.8
460.100,336.1
460.601,341.3
461.102,341.4
461.603,343.4
462.104,337.4
462.604,337.8
463.105,340.2
463.606,337.3
464.107,335.6
464.608,344.3
465.109,339.6
465.609,337.5
466.110,338.2
466.611,338.1
467.112,338.6
467.613,343.5
468.114,338.4
468.614,339.1
469.115,341.4
469.616,338.0
470.117,340.7
470.618,339.6
471.119,342.3
471.619,338.0
472.120,341.6
472.621,338.0
473.122,337.4
473.623,337.1
474.124,340.1
474.624,344.0
475.125,340.2
475.626,339.0
476.127,341.9
476.628,343.5
477.129,343.2
477.629,341.2
478.130,338.3
478.631,338.5
479.132,341.8
479.633,337.9
480.134,332.6
480.634,341.6
481.135,342.6
481.636,343.4
482.137,337.9
482.638,340.2
483.139,342.7
483.639,345.1
484.140,334.9
484.641,341.8
485.142,338.7
485.643,341.2
486.144,341.0
486.644,342.5
487.145,344.9
487.646,339.3
488.147,338.2
488.648,340.4
489.149,342.2
489.649,335.2
490.150,344.1
490.651,340.8
491.152,340.0
491.653,338.1
492.154,336.7
492.654,338.0
493.155,341.4
493.656,337.6
494.157,342.4
494.658,342.1
495.159,342.1
495.659,342.1
496.160,339.4
496.661,341.8
497.162,342.1
497.663,335.4
498.164,344.0
498.664,341.7
499.165,341.9
499.666,341.4
500.167,336.4
500.668,340.4
501.169,340.6
501.669,343.0
502.170,338.7
502.671,336.1
503.172,337.1
503.673,340.3
504.174,342.3
504.674,341.8
505.175,343.4
505.676,340.6
506.177,337.5
506.678,341.1
507.179,336.0
507.679,341.0
508.180,338.6
508.681,341.4
509.182,345.5
509.683,344.2
510.184,342.8
510.684,335.8
511.185,336.3
511.686,340.2
512.187,339.0
512.688,337.5
513.189,338.6
513.689,343.3
514.190,339.5
514.691,335.9
515.192,340.4
515.693,340.0
516.194,336.0
516.694,340.5
517.195,336.3
517.696,341.3
518.197,336.2
518.698,340.1
519.199,345.7
519.699,339.1
520.200,341.4
520.701,339.6
521.202,342.6
521.703,337.0
522.204,339.4
522.705,342.3
523.205,341.5
523.706,344.0
524.207,340.9
524.708,340.8
525.209,343.0
525.710,338.0
526.210,342.8
526.711,335.2
527.212,339.7
527.713,346.0
528.214,340.8
528.715,340.9
529.215,340.0
529.716,341.4
530.217,343.2
530.718,341.1
531.219,340.7
531.720,343.3
532.220,340.5
532.721,338.3
533.222,341.3
533.723,338.4
534.224,341.1
534.725,339.2
535.225,340.2
535.726,342.1
536.227,341.8
536.728,342.4
537.229,341.6
537.730,336.0
538.230,338.5
538.731,343.8
539.232,339.1
539.733,338.8
540.234,342.4
540.735,336.1
541.235,339.1
541.736,337.8
542.237,342.2
542.738,341.9
543.239,344.1
543.740,342.1
544.240,338.9
544.741,341.2
545.242,336.7
545.743,333.9
546.244,338.4
546.745,341.6
547.245,340.6
547.746,340.1
548.247,339.4
548.748,343.1
549.249,340.2
549.750,339.7
550.250,342.9
550.751,337.8
551.252,341.4
551.753,337.2
552.254,338.1
552.755,338.6
553.255,340.2
553.756,340.4
554.257,341.2
554.758,338.5
555.259,336.1
555.760,338.6
556.260,335.4
556.761,346.3
557.262,339.8
557.763,339.3
558.264,341.6
558.765,344.4
559.265,343.4
559.766,337.7
560.267,344.0
560.768,341.8
561.269,339.1
561.770,341.4
562.270,342.4
562.771,339.9
563.272,343.9
563.773,337.7
564.274,340.4
564.775,339.5
565.275,338.8
565.776,340.5
566.277,335.5
566.778,340.4
567.279,336.4
567.780,340.5
568.280,345.7
568.781,338.4
569.282,340.0
569.783,337.8
570.284,340.0
570.785,345.0
571.285,338.8
571.786,341.0
572.287,337.4
572.788,336.2
573.289,334.5
573.790,339.2
574.290,340.9
574.791,334.0
575.292,339.6
575.793,336.9
576.294,341.3
576.795,342.7
577.295,340.0
577.796,338.8
578.297,340.0
578.798,338.4
579.299,344.2
579.800,338.8
580.301,336.5
580.801,338.6
581.302,341.9
581.803,339.3
582.304,338.5
582.805,340.7
583.306,339.1
583.806,339.2
584.307,339.5
584.808,336.9
585.309,340.3
585.810,336.4
586.311,342.4
586.811,341.6
587.312,338.0
587.813,347.1
588.314,337.2
588.815,341.7
589.316,341.7
589.816,345.7
590.317,339.1
590.818,342.0
591.319,340.9
591.820,341.8
592.321,340.0
592.821,339.5
593.322,341.3
593.823,338.7
594.324,340.0
594.825,337.0
595.326,337.2
595.826,340.5
596.327,339.3
596.828,342.4
597.329,339.9
597.830,340.0
598.331,335.8
598.831,340.2
599.332,340.1
599.833,344.2
600.334,338.2
600.835,335.3
601.336,342.3
601.836,343.0
602.337,340.8
602.838,341.1
603.339,340.8
603.840,341.0
604.341,338.2
604.841,339.9
605.342,339.9
605.843,340.8
606.344,341.7
606.845,344.2
607.346,333.6
607.846,342.4
608.347,341.0
608.848,337.7
609.349,338.4
609.850,339.9
610.351,337.6
610.851,340.7
611.352,338.3
611.853,338.2
612.354,338.1
612.855,339.9
613.356,341.5
613.856,343.8
614.357,344.2
614.858,341.6
615.359,342.2
615.860,340.6
616.361,341.4
616.861,340.7
617.362,342.3
617.863,341.4
618.364,341.5
618.865,337.7
619.366,344.9
619.866,335.9
620.367,336.8
620.868,342.6
621.369,339.2
621.870,344.1
622.371,338.6
622.871,345.7
623.372,340.3
623.873,338.6
624.374,340.9
624.875,340.6
625.376,341.6
625.876,342.8
626.377,342.0
626.878,345.9
627.379,341.7
627.880,344.8
628.381,342.8
628.881,340.2
629.382,338.3
629.883,345.2
630.384,341.3
630.885,339.5
631.386,341.1
631.886,339.9
632.387,337.0
632.888,336.9
633.389,337.8
633.890,339.5
634.391,338.9
634.891,336.4
635.392,342.7
635.893,340.0
636.394,339.1
636.895,335.1
637.396,340.2
637.896,342.4
638.397,340.1
638.898,338.4
639.399,339.1
639.900,341.2
640.401,339.7
640.902,342.3
641.402,337.3
641.903,338.6
642.404,333.9
642.905,342.0
643.406,346.3
643.907,341.0
644.407,340.2
644.908,340.2
645.409,341.2
645.910,340.4
646.411,341.1
646.912,342.3
647.412,341.0
647.913,339.6
648.414,339.0
648.915,342.5
649.416,338.5
649.917,342.5
650.417,340.8
650.918,339.0
651.419,344.1
651.920,339.1
652.421,338.2
652.922,340.7
653.422,341.5
653.923,343.4
654.424,342.7
654.925,340.2
655.426,337.1
655.927,336.4
656.427,337.3
656.928,339.9
657.429,340.2
657.930,343.9
658.431,339.4
658.932,343.3
659.432,335.5
659.933,340.5
660.434,340.5
660.935,339.0
661.436,341.3
661.937,338.5
662.437,337.3
662.938,341.9
663.439,339.0
663.940,341.7
664.441,336.1
664.942,340.4
665.442,341.3
665.943,344.0
666.444,338.9
666.945,338.6
667.446,342.0
667.947,336.1
668.447,336.8
668.948,337.1
669.449,342.1
669.950,342.4
670.451,340.6
670.952,342.0
671.452,340.3
671.953,336.7
672.454,339.2
672.955,340.1
673.456,339.7
673.957,337.8
674.457,337.8
674.958,342.5
675.459,337.7
675.960,342.2
676.461,342.8
676.962,342.5
677.462,333.7
677.963,337.1
678.464,338.7
678.965,338.3
679.466,339.0
679.967,339.9
680.467,341.3
680.968,340.0
681.469,342.3
681.970,337.2
682.471,340.1
682.972,339.8
683.472,344.1
683.973,339.3
684.474,339.7
684.975,337.3
685.476,338.1
685.977,337.4
686.477,339.2
686.978,343.9
687.479,338.9
687.980,343.6
688.481,341.2
688.982,338.2
689.482,338.6
689.983,340.8
690.484,335.8
690.985,345.1
691.486,344.2
691.987,341.0
692.487,340.8
692.988,340.8
693.489,343.5
693.990,342.2
694.491,342.6
694.992,345.0
695.492,340.8
695.993,336.8
696.494,341.2
696.995,341.9
697.496,342.7
697.997,342.7
698.497,337.7
698.998,335.5
699.499,343.9
700.000,340.7
