"# SPARTA demo dataset (synthetic)","vis_DEMO_glass_8p4_s_D.001"
400.000,554.2
400.501,560.3
401.002,557.3
401.503,542.8
402.003,539.8
402.504,557.2
403.005,571.8
403.506,564.0
404.007,549.8
404.508,550.5
405.008,552.1
405.509,553.0
406.010,562.6
406.511,571.8
407.012,562.9
407.513,555.4
408.013,545.5
408.514,557.7
409.015,577.2
409.516,581.8
410.017,564.2
410.518,551.5
411.018,554.7
411.519,562.5
412.020,571.8
412.521,571.5
413.022,572.6
413.523,566.8
414.023,560.7
414.524,556.8
415.025,569.1
415.526,587.0
416.027,582.4
416.528,560.7
417.028,551.0
417.529,561.7
418.030,577.0
418.531,579.6
419.032,582.5
419.533,571.1
420.033,570.8
420.534,565.4
421.035,566.8
421.536,578.9
422.037,590.7
422.538,591.3
423.038,575.0
423.539,566.1
424.040,568.4
424.541,589.1
425.042,599.0
425.543,592.7
426.043,580.9
426.544,576.1
427.045,578.6
427.546,586.9
428.047,588.4
428.548,600.2
429.048,599.7
429.549,595.4
430.050,574.4
430.551,571.4
431.052,580.9
431.553,602.2
432.053,614.8
432.554,600.6
433.055,583.5
433.556,580.8
434.057,589.5
434.558,598.2
435.058,602.8
435.559,606.4
436.060,609.7
436.561,603.7
437.062,586.7
437.563,581.1
438.063,596.0
438.564,612.6
439.065,628.2
439.566,615.8
440.067,596.0
440.568,582.7
441.068,592.2
441.569,604.9
442.070,616.3
442.571,618.9
443.072,612.8
443.573,615.7
444.073,604.0
444.574,596.4
445.075,595.7
445.576,608.4
446.077,634.2
446.578,630.8
447.078,621.0
447.579,595.7
448.080,590.0
448.581,610.3
449.082,625.2
449.583,635.1
450.083,628.8
450.584,626.9
451.085,616.3
451.586,612.4
452.087,610.9
452.588,613.0
453.088,625.3
453.589,639.2
454.090,643.8
454.591,631.6
455.092,619.5
455.593,604.4
456.093,616.8
456.594,635.3
457.095,650.2
457.596,644.4
458.097,632.5
458.598,627.7
459.098,623.4
459.599,626.5
460.100,632.8
460.601,636.7
461.102,646.0
461.603,654.4
462.104,653.2
462.604,644.0
463.105,627.7
463.606,618.5
464.107,635.4
464.608,654.2
465.109,670.9
465.609,665.9
466.110,650.1
466.611,636.4
467.112,634.6
467.613,642.0
468.114,649.2
468.614,662.3
469.115,666.8
469.616,664.5
470.117,669.0
470.618,658.6
471.119,647.4
471.619,637.6
472.120,644.5
472.621,665.5
473.122,684.6
473.623,686.0
474.124,680.1
474.624,660.4
475.125,644.9
475.626,651.1
476.127,663.9
476.628,682.5
477.129,691.2
477.629,685.9
478.130,680.7
478.631,676.9
479.132,676.6
479.633,669.2
480.134,669.0
480.634,667.6
481.135,685.8
481.636,702.1
482.137,711.8
482.638,702.0
483.139,682.4
483.639,666.0
484.140,669.3
484.641,682.9
485.142,703.5
485.643,716.8
486.144,714.0
486.644,708.6
487.145,699.6
487.646,699.2
488.147,698.9
488.648,692.9
489.149,696.0
489.649,704.6
490.150,723.8
490.651,737.7
491.152,739.5
491.653,726.6
492.154,702.1
492.654,692.3
493.155,696.1
493.656,724.8
494.157,740.5
494.658,757.0
495.159,755.9
495.659,740.8
496.160,729.8
496.661,722.5
497.162,726.9
497.663,733.0
498.164,738.4
498.664,751.1
499.165,760.1
499.666,768.4
500.167,770.6
500.668,763.8
501.169,749.5
501.669,739.7
502.170,730.4
502.671,746.9
503.172,777.5
503.673,795.4
504.174,810.4
504.674,800.5
505.175,777.7
505.676,760.8
506.177,756.0
506.678,769.0
507.179,787.8
507.679,807.7
508.180,806.4
508.681,812.2
509.182,820.5
509.683,821.9
510.184,821.8
510.684,809.7
511.185,792.9
511.686,789.8
512.187,805.0
512.688,829.2
513.189,858.7
513.689,879.0
514.190,873.1
514.691,856.5
515.192,831.6
515.693,814.1
516.194,822.6
516.694,844.6
517.195,874.4
517.696,890.6
518.197,899.8
518.698,903.5
519.199,897.8
519.699,890.0
520.200,889.8
520.701,881.5
521.202,882.5
521.703,885.6
522.204,901.5
522.705,922.0
523.205,950.9
523.706,975.4
524.207,976.4
524.708,960.7
525.209,933.3
525.710,911.7
526.210,915.4
526.711,944.4
527.212,980.8
527.713,1014.0
528.214,1031.9
528.715,1027.8
529.215,1019.4
529.716,1011.1
530.217,1000.7
530.718,1004.5
531.219,1009.8
531.720,1026.9
532.220,1032.1
532.721,1049.5
533.222,1078.8
533.723,1110.0
534.224,1127.4
534.725,1129.8
535.225,1122.5
535.726,1089.9
536.227,1067.8
536.728,1069.9
537.229,1099.5
537.730,1150.3
538.230,1200.1
538.731,1234.4
539.232,1239.9
539.733,1220.6
540.234,1199.1
540.735,1191.0
541.235,1190.5
541.736,1211.4
542.237,1241.2
542.738,1262.1
543.239,1284.3
543.740,1313.4
544.240,1340.6
544.741,1367.0
545.242,1389.3
545.743,1393.4
546.244,1376.7
546.745,1353.3
547.245,1333.9
547.746,1340.0
548.247,1386.8
548.748,1450.0
549.249,1523.3
549.750,1579.6
550.250,1595.0
550.751,1576.1
551.252,1544.4
551.753,1510.5
552.254,1507.0
552.755,1539.1
553.255,1587.3
553.756,1647.8
554.257,1693.1
554.758,1733.9
555.259,1756.2
555.760,1781.8
556.260,1801.4
556.761,1823.8
557.262,1832.7
557.763,1827.8
558.264,1814.6
558.765,1805.8
559.265,1828.2
559.766,1885.5
560.267,1982.6
560.768,2086.2
561.269,2163.4
561.770,2204.8
562.270,2188.3
562.771,2144.1
563.272,2090.4
563.773,2072.7
564.274,2093.2
564.775,2179.9
565.275,2283.7
565.776,2393.5
566.277,2473.6
566.778,2513.7
567.279,2537.5
567.780,2546.1
568.280,2557.8
568.781,2576.4
569.282,2597.3
569.783,2612.0
570.284,2627.2
570.785,2654.9
571.285,2699.9
571.786,2792.8
572.287,2910.7
572.788,3046.4
573.289,3169.1
573.790,3237.3
574.290,3235.5
574.791,3176.3
575.292,3100.7
575.793,3051.7
576.294,3078.6
576.795,3178.9
577.295,3349.5
577.796,3545.1
578.297,3709.3
578.798,3814.4
579.299,3855.6
579.800,3846.5
580.301,3823.2
580.801,3807.8
581.302,3827.8
581.803,3882.3
582.304,3954.5
582.805,4029.8
583.306,4108.3
583.806,4204.5
584.307,4323.4
584.808,4472.4
585.309,4645.0
585.810,4802.8
586.311,4908.1
586.811,4930.8
587.312,4880.1
587.813,4778.4
588.314,4689.6
588.815,4685.0
589.316,4788.6
589.816,5018.2
590.317,5311.5
590.818,5611.5
591.319,5846.6
591.820,5968.6
592.321,5968.0
592.821,5889.4
593.322,5789.4
593.823,5736.9
594.324,5762.3
594.825,5866.0
595.326,6023.8
595.826,6211.1
596.327,6385.1
596.828,6545.4
597.329,6699.5
597.830,6848.4
598.331,7022.0
598.831,7177.6
599.332,7309.8
599.833,7377.0
600.334,7350.7
600.835,7264.5
601.336,7150.1
601.836,7090.2
602.337,7150.6
602.838,7359.8
603.339,7710.9
603.840,8140.4
604.341,8544.9
604.841,8835.3
605.342,8951.4
605.843,8897.6
606.344,8714.6
606.845,8499.0
607.346,8359.0
607.846,8349.1
608.347,8492.8
608.848,8762.2
609.349,9099.2
609.850,9423.4
610.351,9694.3
610.851,9887.7
611.352,10019.4
611.853,10117.3
612.354,10209.8
612.855,10301.1
613.356,10371.1
613.856,10397.6
614.357,10360.2
614.858,10284.9
615.359,10210.8
615.860,10190.3
616.361,10307.1
616.861,10578.4
617.362,11000.8
617.863,11512.5
618.364,11996.5
618.865,12338.8
619.366,12474.4
619.866,12374.3
620.367,12096.1
620.868,11748.8
621.369,11458.6
621.870,11322.7
622.371,11426.2
622.871,11743.8
623.372,12208.3
623.873,12725.3
624.374,13176.6
624.875,13490.9
625.376,13656.1
625.876,13672.1
626.377,13622.8
626.878,13549.0
627.379,13502.6
627.880,13500.0
628.381,13515.0
628.881,13530.6
629.382,13536.8
629.883,13545.9
630.384,13585.9
630.885,13716.8
631.386,13960.8
631.886,14352.7
632.387,14834.0
632.888,15313.9
633.389,15702.5
633.890,15906.4
634.391,15871.1
634.891,15597.8
635.392,15174.5
635.893,14711.5
636.394,14383.8
636.895,14282.3
637.396,14466.0
637.896,14907.0
638.397,15523.9
638.898,16175.8
639.399,16744.5
639.900,17105.2
640.401,17227.7
640.902,17133.4
641.402,16895.7
641.903,16608.7
642.404,16373.0
642.905,16232.3
643.406,16206.0
643.907,16284.6
644.407,16414.7
644.908,16563.0
645.409,16716.1
645.910,16869.1
646.411,17070.5
646.912,17323.5
647.412,17637.0
647.913,18022.0
648.414,18385.5
648.915,18643.2
649.416,18754.2
649.917,18643.1
650.417,18343.2
650.918,17891.1
651.419,17415.2
651.920,17035.1
652.421,16867.0
652.922,16998.0
653.422,17421.6
653.923,18054.4
654.424,18787.3
654.925,19472.7
655.426,19974.1
655.927,20191.9
656.427,20127.7
656.928,19802.9
657.429,19343.5
657.930,18871.5
658.431,18481.7
658.932,18273.8
659.432,18269.5
659.933,18420.5
660.434,18708.6
660.935,19029.9
661.436,19345.5
661.937,19612.6
662.437,19826.3
662.938,19997.6
663.439,20170.4
663.940,20353.3
664.441,20522.6
664.942,20663.2
665.442,20737.1
665.943,20674.4
666.444,20477.4
666.945,20136.5
667.446,19724.7
667.947,19326.1
668.447,19053.5
668.948,18979.6
669.449,19168.0
669.950,19623.1
670.451,20258.6
670.952,21001.9
671.452,21676.2
671.953,22164.4
672.454,22371.0
672.955,22276.4
673.456,21883.1
673.957,21313.0
674.457,20681.7
674.958,20127.6
675.459,19759.7
675.960,19638.7
676.461,19774.6
676.962,20119.4
677.462,20592.7
677.963,21081.2
678.464,21527.0
678.965,21852.9
679.466,22048.6
679.967,22124.0
680.467,22127.7
680.968,22074.4
681.469,22028.4
681.970,21979.0
682.471,21917.2
682.972,21836.4
683.472,21692.7
683.973,21482.8
684.474,21218.4
684.975,20948.4
685.476,20735.8
685.977,20637.6
686.477,20726.7
686.978,21009.1
687.479,21487.0
687.980,22100.2
688.481,22737.1
688.982,23293.4
689.482,23652.2
689.983,23751.5
690.484,23557.2
690.985,23106.4
691.486,22489.2
691.987,21792.1
692.487,21180.7
692.988,20747.8
693.489,20572.2
693.990,20683.6
694.491,21056.3
694.992,21609.5
695.492,22222.3
695.993,22814.0
696.494,23286.2
696.995,23577.8
697.496,23669.8
697.997,23591.9
698.497,23390.9
698.998,23130.6
699.499,22865.8
700.000,22633.2
