"# SPARTA demo dataset (synthetic)","vis_DEMO_glass_20p1_s.001"
400.000,567.2
400.501,554.8
401.002,539.2
401.503,542.5
402.003,551.3
402.504,562.6
403.005,558.9
403.506,555.5
404.007,553.5
404.508,546.9
405.008,546.1
405.509,559.2
406.010,570.4
406.511,571.4
407.012,553.8
407.513,543.6
408.013,551.2
408.514,569.8
409.015,578.5
409.516,568.4
410.017,555.0
410.518,553.9
411.018,555.2
411.519,564.4
412.020,569.0
412.521,571.0
413.022,576.0
413.523,566.3
414.023,551.0
414.524,557.2
415.025,570.6
415.526,584.5
416.027,581.2
416.528,566.4
417.028,551.3
417.529,559.7
418.030,573.1
418.531,578.3
419.032,573.8
419.533,574.2
420.033,567.9
420.534,564.3
421.035,566.1
421.536,573.8
422.037,579.4
422.538,591.5
423.038,588.8
423.539,569.4
424.040,559.5
424.541,568.3
425.042,591.6
425.543,597.8
426.043,591.2
426.544,576.6
427.045,573.3
427.546,575.9
428.047,581.8
428.548,590.5
429.048,591.4
429.549,594.3
430.050,590.9
430.551,581.1
431.052,574.2
431.553,574.5
432.053,590.2
432.554,605.9
433.055,604.7
433.556,592.4
434.057,571.5
434.558,574.1
435.058,588.9
435.559,595.0
436.060,607.6
436.561,600.1
437.062,589.6
437.563,588.7
438.063,587.2
438.564,588.3
439.065,594.1
439.566,600.1
440.067,611.7
440.568,610.2
441.068,594.8
441.569,583.9
442.070,578.7
442.571,592.9
443.072,614.0
443.573,623.4
444.073,613.7
444.574,595.4
445.075,586.8
445.576,590.7
446.077,601.9
446.578,609.0
447.078,613.1
447.579,610.8
448.080,607.3
448.581,605.0
449.082,599.9
449.583,594.8
450.083,599.6
450.584,612.7
451.085,627.6
451.586,627.9
452.087,618.2
452.588,599.1
453.088,591.0
453.589,599.8
454.090,618.0
454.591,633.8
455.092,634.4
455.593,617.6
456.093,608.5
456.594,609.2
457.095,612.0
457.596,615.9
458.097,621.6
458.598,627.0
459.098,632.9
459.599,636.9
460.100,624.9
460.601,616.2
461.102,602.5
461.603,608.3
462.104,616.5
462.604,641.2
463.105,648.0
463.606,642.4
464.107,623.1
464.608,608.5
465.109,611.8
465.609,619.5
466.110,633.6
466.611,642.2
467.112,648.7
467.613,635.4
468.114,632.7
468.614,630.4
469.115,622.4
469.616,622.9
470.117,624.9
470.618,636.8
471.119,654.1
471.619,659.1
472.120,654.1
472.621,640.3
473.122,626.3
473.623,618.1
474.124,628.0
474.624,648.4
475.125,662.9
475.626,666.8
476.127,654.5
476.628,640.2
477.129,634.6
477.629,633.1
478.130,634.1
478.631,647.3
479.132,648.5
479.633,653.2
480.134,659.0
480.634,659.6
481.135,653.4
481.636,645.3
482.137,633.8
482.638,629.6
483.139,640.3
483.639,656.7
484.140,674.4
484.641,680.6
485.142,667.4
485.643,649.5
486.144,634.1
486.644,634.4
487.145,644.2
487.646,666.4
488.147,674.4
488.648,675.1
489.149,672.0
489.649,659.2
490.150,658.9
490.651,653.4
491.152,652.7
491.653,655.1
492.154,657.1
492.654,665.7
493.155,677.2
493.656,687.0
494.157,683.0
494.658,676.4
495.159,658.4
495.659,644.2
496.160,645.4
496.661,659.5
497.162,677.9
497.663,691.0
498.164,698.0
498.664,688.2
499.165,668.5
499.666,660.6
500.167,654.7
500.668,663.5
501.169,673.6
501.669,686.2
502.170,688.1
502.671,691.2
503.172,686.6
503.673,682.0
504.174,682.1
504.674,676.8
505.175,672.7
505.676,670.0
506.177,667.9
506.678,685.0
507.179,697.9
507.679,712.4
508.180,714.6
508.681,703.9
509.182,684.4
509.683,668.4
510.184,658.3
510.684,675.1
511.185,693.3
511.686,712.6
512.187,714.2
512.688,715.7
513.189,705.4
513.689,691.7
514.190,683.7
514.691,688.0
515.192,687.0
515.693,692.8
516.194,698.9
516.694,701.5
517.195,713.1
517.696,715.4
518.197,722.9
518.698,715.4
519.199,708.3
519.699,695.6
520.200,684.5
520.701,684.9
521.202,695.1
521.703,713.7
522.204,733.8
522.705,746.8
523.205,738.6
523.706,726.4
524.207,699.8
524.708,689.5
525.209,687.1
525.710,701.4
526.210,711.5
526.711,725.9
527.212,736.9
527.713,738.3
528.214,731.8
528.715,728.3
529.215,724.4
529.716,720.6
530.217,722.0
530.718,710.5
531.219,712.0
531.720,713.5
532.220,721.6
532.721,739.5
533.222,746.5
533.723,751.5
534.224,753.9
534.725,740.3
535.225,727.2
535.726,706.0
536.227,702.2
536.728,717.1
537.229,733.7
537.730,754.5
538.230,771.0
538.731,772.5
539.232,765.5
539.733,749.0
540.234,735.9
540.735,725.4
541.235,725.8
541.736,735.3
542.237,745.6
542.738,752.9
543.239,759.2
543.740,765.8
544.240,768.9
544.741,772.3
545.242,769.4
545.743,770.4
546.244,760.8
546.745,751.9
547.245,738.9
547.746,732.7
548.247,744.2
548.748,762.6
549.249,785.1
549.750,796.4
550.250,806.7
550.751,801.5
551.252,774.7
551.753,761.5
552.254,745.8
552.755,745.4
553.255,751.5
553.756,766.3
554.257,787.9
554.758,804.2
555.259,808.3
555.760,807.4
556.260,802.3
556.761,789.5
557.262,786.3
557.763,782.5
558.264,782.6
558.765,781.2
559.265,782.1
559.766,789.6
560.267,797.2
560.768,804.1
561.269,818.3
561.770,826.3
562.270,835.3
562.771,832.3
563.272,820.3
563.773,807.1
564.274,796.3
564.775,780.0
565.275,788.8
565.776,799.4
566.277,817.8
566.778,846.3
567.279,868.1
567.780,866.0
568.280,871.6
568.781,849.9
569.282,832.3
569.783,818.3
570.284,809.1
570.785,818.5
571.285,819.6
571.786,845.9
572.287,862.8
572.788,872.3
573.289,874.3
573.790,876.7
574.290,879.6
574.791,874.0
575.292,874.5
575.793,872.4
576.294,867.4
576.795,863.1
577.295,854.8
577.796,852.4
578.297,863.2
578.798,877.5
579.299,896.5
579.800,924.2
580.301,935.3
580.801,938.4
581.302,935.5
581.803,918.9
582.304,897.6
582.805,879.6
583.306,874.1
583.806,880.7
584.307,900.4
584.808,925.2
585.309,951.5
585.810,973.9
586.311,984.8
586.811,981.1
587.312,968.3
587.813,958.6
588.314,945.7
588.815,940.8
589.316,944.3
589.816,950.0
590.317,962.3
590.818,969.3
591.319,982.2
591.820,995.1
592.321,1002.5
592.821,1016.7
593.322,1036.6
593.823,1043.1
594.324,1047.4
594.825,1052.0
595.326,1039.5
595.826,1021.6
596.327,1011.4
596.828,1010.5
597.329,1008.3
597.830,1024.3
598.331,1051.4
598.831,1086.5
599.332,1120.6
599.833,1147.3
600.334,1157.8
600.835,1154.0
601.336,1131.1
601.836,1107.1
602.337,1086.3
602.838,1082.1
603.339,1085.9
603.840,1109.1
604.341,1140.3
604.841,1171.4
605.342,1203.8
605.843,1223.5
606.344,1245.2
606.845,1241.4
607.346,1241.2
607.846,1240.1
608.347,1235.8
608.848,1242.2
609.349,1242.9
609.850,1246.4
610.351,1251.1
610.851,1255.8
611.352,1262.3
611.853,1275.9
612.354,1304.6
612.855,1332.8
613.356,1375.6
613.856,1411.5
614.357,1438.3
614.858,1457.7
615.359,1455.2
615.860,1440.8
616.361,1412.2
616.861,1390.4
617.362,1376.0
617.863,1382.6
618.364,1413.4
618.865,1462.6
619.366,1523.8
619.866,1576.2
620.367,1633.8
620.868,1668.4
621.369,1680.9
621.870,1670.2
622.371,1655.4
622.871,1634.3
623.372,1619.6
623.873,1618.7
624.374,1637.6
624.875,1665.1
625.376,1707.9
625.876,1752.1
626.377,1793.1
626.878,1835.7
627.379,1872.8
627.880,1904.2
628.381,1936.3
628.881,1967.3
629.382,1994.4
629.883,2018.2
630.384,2032.3
630.885,2041.8
631.386,2039.9
631.886,2035.7
632.387,2027.6
632.888,2032.1
633.389,2059.7
633.890,2110.7
634.391,2186.2
634.891,2274.7
635.392,2375.3
635.893,2462.4
636.394,2527.9
636.895,2559.9
637.396,2556.3
637.896,2528.9
638.397,2489.2
638.898,2452.7
639.399,2436.6
639.900,2453.6
640.401,2514.9
640.902,2596.5
641.402,2716.5
641.903,2836.3
642.404,2944.5
642.905,3036.1
643.406,3100.3
643.907,3129.9
644.407,3138.1
644.908,3143.2
645.409,3145.8
645.910,3158.3
646.411,3182.7
646.912,3212.9
647.412,3268.6
647.913,3320.5
648.414,3381.6
648.915,3440.4
649.416,3510.7
649.917,3594.5
650.417,3683.0
650.918,3799.7
651.419,3918.8
651.920,4035.9
652.421,4144.9
652.922,4231.6
653.422,4274.7
653.923,4284.1
654.424,4260.9
654.925,4221.3
655.426,4182.0
655.927,4169.0
656.427,4205.0
656.928,4302.1
657.429,4463.6
657.930,4666.7
658.431,4899.2
658.932,5126.1
659.432,5324.0
659.933,5465.6
660.434,5531.4
660.935,5535.9
661.436,5492.0
661.937,5423.6
662.437,5359.7
662.938,5333.7
663.439,5362.8
663.940,5457.4
664.441,5598.1
664.942,5781.7
665.442,5994.1
665.943,6195.7
666.444,6387.9
666.945,6550.4
667.446,6679.9
667.947,6782.8
668.447,6871.2
668.948,6950.1
669.449,7029.8
669.950,7101.1
670.451,7168.0
670.952,7223.4
671.452,7268.9
671.953,7293.4
672.454,7314.3
672.955,7340.7
673.456,7393.6
673.957,7497.3
674.457,7656.2
674.958,7874.4
675.459,8154.5
675.960,8472.2
676.461,8783.3
676.962,9070.0
677.462,9279.2
677.963,9400.3
678.464,9410.3
678.965,9325.3
679.466,9186.9
679.967,9019.1
680.467,8890.1
680.968,8830.6
681.469,8884.6
681.970,9056.1
682.471,9349.4
682.972,9728.4
683.472,10143.5
683.973,10551.3
684.474,10907.0
684.975,11176.4
685.476,11324.5
685.977,11374.8
686.477,11345.2
686.978,11250.0
687.479,11157.9
687.980,11079.3
688.481,11042.4
688.982,11074.3
689.482,11166.2
689.983,11319.3
690.484,11500.7
690.985,11702.9
691.486,11915.7
691.987,12129.5
692.487,12322.1
692.988,12529.5
693.489,12734.9
693.990,12966.7
694.491,13199.4
694.992,13425.6
695.492,13631.3
695.993,13801.4
696.494,13899.5
696.995,13925.9
697.496,13859.2
697.997,13729.3
698.497,13558.3
698.998,13388.6
699.499,13268.5
700.000,13261.2
