"# SPARTA demo dataset (synthetic)","vis_DEMO_glass_0p0_s.001"
400.000,565.1
400.501,574.3
401.002,562.2
401.503,543.5
402.003,556.1
402.504,575.7
403.005,579.1
403.506,558.0
404.007,555.0
404.508,566.6
405.008,572.9
405.509,574.2
406.010,564.9
406.511,567.5
407.012,562.5
407.513,572.8
408.013,581.8
408.514,581.2
409.015,559.1
409.516,559.5
410.017,578.5
410.518,598.1
411.018,585.0
411.519,565.3
412.020,566.6
412.521,581.4
413.022,594.8
413.523,586.9
414.023,577.1
414.524,575.6
415.025,584.9
415.526,587.2
416.027,595.2
416.528,595.0
417.028,580.8
417.529,574.6
418.030,583.2
418.531,607.6
419.032,602.6
419.533,584.5
420.033,572.0
420.534,596.0
421.035,609.3
421.536,605.2
422.037,593.2
422.538,583.3
423.038,597.7
423.539,607.8
424.040,615.0
424.541,608.2
425.042,604.5
425.543,593.2
426.043,595.7
426.544,610.6
427.045,629.0
427.546,623.8
428.047,605.2
428.548,596.7
429.048,609.9
429.549,634.4
430.050,637.4
430.551,616.1
431.052,602.7
431.553,612.7
432.053,633.0
432.554,636.5
433.055,628.8
433.556,622.1
434.057,614.8
434.558,623.8
435.058,634.8
435.559,640.2
436.060,648.0
436.561,642.8
437.062,618.9
437.563,619.4
438.063,645.4
438.564,662.9
439.065,661.5
439.566,637.7
440.067,628.2
440.568,635.3
441.068,664.9
441.569,673.6
442.070,661.3
442.571,647.5
443.072,646.6
443.573,652.9
444.073,664.9
444.574,673.3
445.075,677.4
445.576,674.3
446.077,666.0
446.578,655.7
447.078,669.6
447.579,686.2
448.080,705.3
448.581,692.3
449.082,668.2
449.583,660.3
450.083,680.1
450.584,711.6
451.085,720.5
451.586,698.7
452.087,678.5
452.588,679.9
453.088,695.6
453.589,716.2
454.090,721.6
454.591,717.1
455.092,712.7
455.593,711.2
456.093,702.1
456.594,709.5
457.095,729.5
457.596,745.6
458.097,746.6
458.598,725.2
459.098,713.1
459.599,712.8
460.100,746.3
460.601,779.5
461.102,774.0
461.603,756.2
462.104,730.2
462.604,738.1
463.105,764.5
463.606,787.5
464.107,793.1
464.608,782.6
465.109,767.2
465.609,771.3
466.110,776.2
466.611,787.8
467.112,803.9
467.613,816.2
468.114,820.1
468.614,811.4
469.115,795.4
469.616,790.7
470.117,812.6
470.618,845.7
471.119,875.4
471.619,864.2
472.120,831.3
472.621,811.2
473.122,823.4
473.623,870.7
474.124,898.0
474.624,906.0
475.125,879.5
475.626,861.0
476.127,865.5
476.628,886.7
477.129,916.5
477.629,928.5
478.130,933.2
478.631,934.8
479.132,926.7
479.633,922.2
480.134,921.6
480.634,937.4
481.135,972.4
481.636,1003.1
482.137,1015.4
482.638,993.4
483.139,957.8
483.639,955.0
484.140,987.0
484.641,1049.9
485.142,1087.7
485.643,1081.3
486.144,1042.3
486.644,1011.3
487.145,1027.7
487.646,1071.7
488.147,1120.8
488.648,1144.7
489.149,1144.8
489.649,1123.3
490.150,1120.2
490.651,1131.5
491.152,1140.2
491.653,1165.0
492.154,1196.5
492.654,1230.3
493.155,1254.8
493.656,1254.7
494.157,1224.8
494.658,1196.7
495.159,1216.0
495.659,1277.1
496.160,1350.6
496.661,1395.3
497.162,1385.9
497.663,1325.9
498.164,1296.2
498.664,1310.8
499.165,1382.4
499.666,1471.3
500.167,1512.8
500.668,1512.9
501.169,1476.0
501.669,1450.6
502.170,1464.1
502.671,1508.4
503.172,1563.0
503.673,1607.5
504.174,1644.1
504.674,1669.7
505.175,1675.6
505.676,1672.8
506.177,1651.2
506.678,1654.7
507.179,1699.7
507.679,1774.6
508.180,1879.3
508.681,1934.1
509.182,1925.4
509.683,1859.3
510.184,1808.3
510.684,1826.7
511.185,1928.9
511.686,2068.8
512.187,2171.8
512.688,2182.4
513.189,2131.5
513.689,2063.2
514.190,2057.3
514.691,2120.5
515.192,2239.3
515.693,2348.7
516.194,2412.2
516.694,2422.8
517.195,2420.5
517.696,2418.7
518.197,2435.1
518.698,2457.6
519.199,2497.6
519.699,2565.5
520.200,2669.5
520.701,2788.5
521.202,2873.3
521.703,2880.0
522.204,2822.2
522.705,2755.8
523.205,2748.5
523.706,2860.2
524.207,3066.9
524.708,3271.3
525.209,3367.3
525.710,3328.6
526.210,3210.4
526.711,3116.4
527.212,3139.3
527.713,3299.8
528.214,3528.0
528.715,3719.5
529.215,3801.7
529.716,3776.1
530.217,3718.0
530.718,3689.1
531.219,3720.4
531.720,3822.4
532.220,3945.4
532.721,4071.0
533.222,4192.0
533.723,4313.3
534.224,4408.3
534.725,4454.4
535.225,4434.6
535.726,4375.1
536.227,4339.4
536.728,4408.1
537.229,4623.9
537.730,4923.8
538.230,5177.7
538.731,5293.0
539.232,5215.9
539.733,5021.5
540.234,4866.6
540.735,4894.9
541.235,5141.8
541.736,5517.9
542.237,5859.5
542.738,6027.6
543.239,5985.6
543.740,5821.2
544.240,5676.6
544.741,5661.8
545.242,5817.4
545.743,6074.6
546.244,6354.6
546.745,6551.7
547.245,6668.1
547.746,6716.0
548.247,6740.5
548.748,6755.4
549.249,6750.4
549.750,6747.5
550.250,6784.0
550.751,6908.4
551.252,7160.5
551.753,7497.8
552.254,7814.4
552.755,7985.5
553.255,7939.0
553.756,7710.7
554.257,7453.9
554.758,7369.3
555.259,7573.8
555.760,8029.6
556.260,8574.8
556.761,8984.6
557.262,9097.2
557.763,8912.5
558.264,8575.1
558.765,8312.3
559.265,8292.1
559.766,8563.9
560.267,9023.0
560.768,9488.1
561.269,9801.4
561.770,9901.0
562.270,9822.3
562.771,9684.0
563.272,9594.4
563.773,9595.8
564.274,9694.4
564.775,9847.0
565.275,10032.2
565.776,10269.5
566.277,10555.0
566.778,10842.5
567.279,11072.9
567.780,11154.6
568.280,11054.4
568.781,10795.8
569.282,10542.9
569.783,10461.8
570.284,10692.0
570.785,11199.3
571.285,11845.8
571.786,12384.4
572.287,12589.6
572.788,12399.1
573.289,11934.8
573.790,11448.5
574.290,11211.5
574.791,11368.1
575.292,11896.0
575.793,12592.9
576.294,13198.0
576.795,13502.3
577.295,13445.0
577.796,13132.4
578.297,12759.6
578.798,12523.0
579.299,12526.3
579.800,12751.6
580.301,13108.2
580.801,13483.0
581.302,13786.1
581.803,13994.4
582.304,14128.9
582.805,14212.8
583.306,14227.5
583.806,14152.0
584.307,14002.1
584.808,13809.4
585.309,13685.0
585.810,13743.5
586.311,14055.7
586.811,14598.9
587.312,15224.4
587.813,15686.8
588.314,15838.0
588.815,15588.9
589.316,15047.8
589.816,14457.0
590.317,14091.7
590.818,14160.2
591.319,14678.4
591.820,15480.1
592.321,16281.9
592.821,16802.7
593.322,16865.0
593.823,16510.5
594.324,15912.0
594.825,15340.3
595.326,15050.9
595.826,15138.0
596.327,15574.6
596.828,16180.2
597.329,16734.3
597.830,17116.1
598.331,17234.1
598.831,17159.8
599.332,16968.4
599.833,16772.8
600.334,16625.1
600.835,16546.4
601.336,16510.0
601.836,16533.3
602.337,16643.2
602.838,16861.7
603.339,17220.8
603.840,17655.0
604.341,18091.6
604.841,18356.2
605.342,18357.9
605.843,18043.0
606.344,17506.2
606.845,16954.6
607.346,16606.8
607.846,16648.2
608.347,17116.7
608.848,17901.1
609.349,18759.0
609.850,19394.3
610.351,19597.7
610.851,19311.2
611.352,18654.9
611.853,17878.9
612.354,17273.8
612.855,17069.6
613.356,17346.6
613.856,17990.6
614.357,18788.1
614.858,19486.7
615.359,19877.3
615.860,19894.1
616.361,19605.5
616.861,19137.9
617.362,18688.6
617.863,18405.3
618.364,18330.6
618.865,18457.0
619.366,18703.4
619.866,18988.6
620.367,19276.7
620.868,19532.9
621.369,19773.3
621.870,19980.9
622.371,20118.5
622.871,20157.0
623.372,20035.5
623.873,19744.3
624.374,19346.4
624.875,18947.6
625.376,18693.8
625.876,18746.3
626.377,19106.2
626.878,19760.7
627.379,20522.1
627.880,21169.8
628.381,21480.8
628.881,21370.8
629.382,20835.2
629.883,20056.5
630.384,19270.5
630.885,18753.0
631.386,18681.2
631.886,19094.5
632.387,19858.8
632.888,20767.5
633.389,21542.4
633.890,21962.0
634.391,21943.7
634.891,21511.4
635.392,20846.3
635.893,20174.4
636.394,19675.0
636.895,19510.3
637.396,19670.5
637.896,20069.1
638.397,20595.6
638.898,21080.0
639.399,21438.8
639.900,21622.7
640.401,21647.7
640.902,21568.1
641.402,21414.5
641.903,21236.7
642.404,21063.6
642.905,20874.6
643.406,20681.2
643.907,20503.8
644.407,20411.2
644.908,20469.7
645.409,20700.7
645.910,21142.3
646.411,21670.1
646.912,22205.4
647.412,22585.7
647.913,22692.7
648.414,22422.7
648.915,21871.2
649.416,21165.4
649.917,20461.1
650.417,20020.0
650.918,19977.1
651.419,20356.1
651.920,21088.5
652.421,21977.6
652.922,22792.4
653.422,23336.3
653.923,23438.5
654.424,23092.4
654.925,22416.9
655.426,21592.9
655.927,20848.0
656.427,20394.3
656.928,20332.7
657.429,20660.9
657.930,21265.6
658.431,21973.9
658.932,22638.5
659.432,23062.6
659.933,23220.9
660.434,23093.6
660.935,22760.4
661.436,22353.8
661.937,21978.2
662.437,21691.9
662.938,21530.3
663.439,21495.0
663.940,21552.3
664.441,21676.1
664.942,21826.8
665.442,22029.5
665.943,22269.2
666.444,22544.3
666.945,22856.7
667.446,23119.9
667.947,23295.9
668.447,23297.8
668.948,23111.5
669.449,22714.1
669.950,22193.4
670.451,21648.6
670.952,21234.3
671.452,21072.3
671.953,21227.8
672.454,21716.2
672.955,22416.5
673.456,23223.2
673.957,23905.4
674.457,24312.1
674.958,24320.3
675.459,23939.4
675.960,23247.1
676.461,22409.3
676.962,21627.8
677.462,21100.4
677.963,20929.5
678.464,21179.7
678.965,21780.5
679.466,22577.2
679.967,23385.9
680.467,24025.1
680.968,24371.0
681.469,24359.2
681.970,24034.4
682.471,23502.8
682.972,22882.1
683.472,22326.5
683.973,21949.7
684.474,21791.6
684.975,21874.0
685.476,22141.1
685.977,22490.2
686.477,22863.1
686.978,23203.2
687.479,23452.9
687.980,23609.1
688.481,23684.7
688.982,23713.9
689.482,23683.8
689.983,23612.1
690.484,23476.6
690.985,23274.2
691.486,23009.9
691.987,22702.3
692.487,22399.8
692.988,22161.2
693.489,22081.2
693.990,22185.8
694.491,22503.9
694.992,23000.1
695.492,23606.6
695.993,24183.8
696.494,24613.2
696.995,24802.5
697.496,24679.2
697.997,24243.2
698.497,23580.6
698.998,22833.1
699.499,22129.8
700.000,21648.2
