"# SPARTA demo dataset (synthetic)","vis_DEMO_glass_5p2.001"
400.000,338.9
400.501,337.2
401.002,339.1
401.503,343.1
402.003,340.7
402.504,337.0
403.005,339.3
403.506,345.1
404.007,342.0
404.508,336.7
405.008,339.0
405.509,341.2
406.010,341.8
406.511,336.0
407.012,344.4
407.513,344.0
408.013,339.5
408.514,346.1
409.015,336.5
409.516,341.0
410.017,337.8
410.518,339.7
411.018,342.2
411.519,343.4
412.020,343.1
412.521,338.7
413.022,343.1
413.523,338.0
414.023,338.5
414.524,341.9
415.025,338.2
415.526,337.4
416.027,341.1
416.528,339.1
417.028,339.7
417.529,337.1
418.030,342.8
418.531,342.6
419.032,339.8
419.533,342.3
420.033,337.5
420.534,340.8
421.035,338.8
421.536,339.2
422.037,340.5
422.538,339.3
423.038,340.1
423.539,340.0
424.040,341.0
424.541,342.5
425.042,335.9
425.543,337.4
426.043,338.4
426.544,341.0
427.045,345.7
427.546,339.3
428.047,344.8
428.548,337.6
429.048,336.8
429.549,341.7
430.050,342.5
430.551,341.9
431.052,340.1
431.553,343.9
432.053,340.5
432.554,338.1
433.055,336.4
433.556,335.5
434.057,336.9
434.558,338.4
435.058,339.1
435.559,339.6
436.060,343.1
436.561,337.1
437.062,339.7
437.563,344.0
438.063,339.4
438.564,342.8
439.065,342.1
439.566,340.6
440.067,340.8
440.568,337.1
441.068,341.8
441.569,338.3
442.070,338.8
442.571,336.9
443.072,341.2
443.573,339.9
444.073,342.2
444.574,341.2
445.075,339.8
445.576,341.6
446.077,341.8
446.578,336.3
447.078,339.0
447.579,339.0
448.080,338.0
448.581,344.6
449.082,342.1
449.583,340.8
450.083,337.8
450.584,339.1
451.085,338.2
451.586,338.3
452.087,338.2
452.588,339.1
453.088,340.2
453.589,341.2
454.090,346.3
454.591,340.9
455.092,342.7
455.593,339.2
456.093,338.7
456.594,338.2
457.095,341.6
457.596,339.8
458.097,338.4
458.598,343.9
459.098,337.7
459.599,341.1
460.100,340.1
460.601,339.2
461.102,342.1
461.603,335.7
462.104,336.2
462.604,339.2
463.105,338.6
463.606,341.6
464.107,342.0
464.608,340.8
465.109,340.2
465.609,342.2
466.110,341.0
466.611,342.5
467.112,339.3
467.613,337.9
468.114,341.9
468.614,346.4
469.115,339.0
469.616,338.4
470.117,337.8
470.618,339.8
471.119,340.0
471.619,338.9
472.120,340.6
472.621,341.5
473.122,341.2
473.623,338.8
474.124,337.6
474.624,339.2
475.125,341.0
475.626,337.9
476.127,340.1
476.628,340.3
477.129,343.2
477.629,335.5
478.130,336.8
478.631,337.2
479.132,339.7
479.633,341.4
480.134,340.7
480.634,336.2
481.135,339.3
481.636,341.0
482.137,342.1
482.638,345.6
483.139,339.2
483.639,345.0
484.140,338.7
484.641,344.4
485.142,344.0
485.643,338.9
486.144,341.0
486.644,338.9
487.145,337.7
487.646,340.8
488.147,342.3
488.648,340.3
489.149,341.3
489.649,340.1
490.150,345.1
490.651,341.5
491.152,340.4
491.653,339.4
492.154,341.2
492.654,341.4
493.155,341.3
493.656,336.4
494.157,341.3
494.658,337.6
495.159,342.1
495.659,338.5
496.160,342.2
496.661,340.4
497.162,338.2
497.663,341.3
498.164,340.0
498.664,341.9
499.165,341.0
499.666,338.7
500.167,341.0
500.668,339.0
501.169,342.7
501.669,337.0
502.170,342.6
502.671,342.8
503.172,337.7
503.673,341.0
504.174,342.0
504.674,334.7
505.175,340.2
505.676,336.9
506.177,341.4
506.678,342.0
507.179,341.3
507.679,341.8
508.180,344.5
508.681,339.4
509.182,342.9
509.683,339.7
510.184,342.1
510.684,337.6
511.185,344.5
511.686,337.8
512.187,335.1
512.688,336.7
513.189,344.0
513.689,342.5
514.190,339.0
514.691,337.6
515.192,340.5
515.693,345.9
516.194,342.3
516.694,339.6
517.195,339.6
517.696,341.5
518.197,344.7
518.698,344.5
519.199,342.5
519.699,338.5
520.200,337.7
520.701,344.3
521.202,343.7
521.703,338.1
522.204,337.9
522.705,338.1
523.205,341.0
523.706,340.9
524.207,336.7
524.708,338.3
525.209,343.4
525.710,344.8
526.210,339.7
526.711,338.0
527.212,337.6
527.713,343.4
528.214,344.4
528.715,338.8
529.215,340.5
529.716,339.5
530.217,342.3
530.718,339.8
531.219,338.6
531.720,337.0
532.220,341.7
532.721,335.9
533.222,343.1
533.723,340.6
534.224,340.0
534.725,340.9
535.225,346.2
535.726,339.8
536.227,339.3
536.728,341.2
537.229,342.4
537.730,338.5
538.230,340.4
538.731,335.6
539.232,337.7
539.733,336.1
540.234,337.4
540.735,344.7
541.235,343.4
541.736,338.9
542.237,341.6
542.738,338.2
543.239,340.2
543.740,336.1
544.240,337.9
544.741,332.7
545.242,339.1
545.743,337.1
546.244,340.6
546.745,343.7
547.245,336.0
547.746,340.2
548.247,336.1
548.748,340.8
549.249,341.1
549.750,338.4
550.250,335.7
550.751,340.7
551.252,339.4
551.753,339.4
552.254,336.4
552.755,339.6
553.255,343.1
553.756,339.8
554.257,341.6
554.758,338.1
555.259,342.3
555.760,337.0
556.260,340.6
556.761,338.1
557.262,340.1
557.763,337.2
558.264,338.7
558.765,345.8
559.265,339.3
559.766,340.4
560.267,340.9
560.768,337.7
561.269,337.4
561.770,336.8
562.270,340.9
562.771,336.3
563.272,339.5
563.773,343.3
564.274,339.6
564.775,337.6
565.275,341.7
565.776,335.4
566.277,337.4
566.778,341.8
567.279,341.3
567.780,340.9
568.280,338.3
568.781,339.5
569.282,341.4
569.783,334.4
570.284,339.7
570.785,340.7
571.285,341.5
571.786,344.8
572.287,339.9
572.788,343.3
573.289,338.3
573.790,340.0
574.290,340.3
574.791,344.4
575.292,341.7
575.793,339.0
576.294,341.1
576.795,337.9
577.295,339.4
577.796,342.0
578.297,338.0
578.798,333.5
579.299,338.9
579.800,336.1
580.301,339.9
580.801,343.2
581.302,339.8
581.803,337.4
582.304,338.2
582.805,341.7
583.306,339.2
583.806,339.3
584.307,338.3
584.808,337.1
585.309,339.6
585.810,340.4
586.311,339.5
586.811,338.7
587.312,339.7
587.813,340.8
588.314,340.6
588.815,335.9
589.316,341.8
589.816,337.5
590.317,340.3
590.818,339.9
591.319,339.1
591.820,338.2
592.321,342.3
592.821,343.1
593.322,343.9
593.823,345.0
594.324,336.1
594.825,340.8
595.326,348.2
595.826,341.0
596.327,343.1
596.828,343.8
597.329,341.2
597.830,333.9
598.331,341.1
598.831,338.6
599.332,342.1
599.833,341.9
600.334,337.6
600.835,341.0
601.336,343.8
601.836,339.2
602.337,341.8
602.838,339.8
603.339,336.9
603.840,337.2
604.341,339.7
604.841,341.7
605.342,338.4
605.843,340.7
606.344,339.1
606.845,341.7
607.346,338.4
607.846,339.0
608.347,338.0
608.848,343.3
609.349,336.2
609.850,340.9
610.351,341.5
610.851,342.6
611.352,340.6
611.853,339.6
612.354,338.5
612.855,341.6
613.356,336.2
613.856,344.6
614.357,337.4
614.858,335.3
615.359,340.4
615.860,336.6
616.361,339.1
616.861,344.7
617.362,338.2
617.863,341.3
618.364,342.2
618.865,341.4
619.366,342.9
619.866,336.5
620.367,341.5
620.868,341.7
621.369,335.7
621.870,339.1
622.371,339.3
622.871,341.7
623.372,338.8
623.873,338.3
624.374,337.3
624.875,336.6
625.376,339.5
625.876,338.1
626.377,340.8
626.878,342.5
627.379,340.6
627.880,341.8
628.381,340.1
628.881,341.2
629.382,339.3
629.883,339.4
630.384,334.2
630.885,341.5
631.386,342.4
631.886,341.1
632.387,337.7
632.888,343.1
633.389,337.7
633.890,340.8
634.391,339.6
634.891,338.1
635.392,340.1
635.893,335.9
636.394,336.6
636.895,341.9
637.396,339.9
637.896,340.7
638.397,342.6
638.898,339.2
639.399,341.6
639.900,340.7
640.401,337.1
640.902,339.4
641.402,341.7
641.903,337.7
642.404,341.0
642.905,343.2
643.406,338.9
643.907,341.8
644.407,341.1
644.908,342.0
645.409,336.7
645.910,341.9
646.411,342.2
646.912,342.4
647.412,339.7
647.913,341.9
648.414,339.8
648.915,342.2
649.416,340.0
649.917,343.7
650.417,338.4
650.918,332.2
651.419,339.2
651.920,340.5
652.421,340.6
652.922,344.2
653.422,341.0
653.923,335.6
654.424,340.6
654.925,340.2
655.426,339.7
655.927,344.0
656.427,337.4
656.928,339.2
657.429,340.2
657.930,337.1
658.431,340.0
658.932,340.0
659.432,337.7
659.933,336.4
660.434,339.2
660.935,341.3
661.436,339.7
661.937,340.0
662.437,342.4
662.938,345.3
663.439,343.1
663.940,340.5
664.441,340.7
664.942,336.4
665.442,343.3
665.943,339.3
666.444,337.0
666.945,338.3
667.446,336.1
667.947,337.3
668.447,341.3
668.948,341.1
669.449,344.1
669.950,339.0
670.451,335.9
670.952,339.1
671.452,341.1
671.953,339.3
672.454,341.5
672.955,338.6
673.456,337.9
673.957,335.7
674.457,340.6
674.958,339.3
675.459,338.4
675.960,342.1
676.461,344.1
676.962,338.6
677.462,344.0
677.963,337.5
678.464,341.7
678.965,343.0
679.466,339.3
679.967,340.4
680.467,337.5
680.968,340.9
681.469,339.7
681.970,337.2
682.471,340.8
682.972,338.7
683.472,339.8
683.973,339.9
684.474,342.4
684.975,343.4
685.476,341.7
685.977,337.7
686.477,342.4
686.978,338.9
687.479,339.5
687.980,339.9
688.481,338.4
688.982,342.9
689.482,341.6
689.983,341.5
690.484,338.5
690.985,340.0
691.486,341.3
691.987,340.5
692.487,340.8
692.988,336.6
693.489,339.1
693.990,334.8
694.491,340.2
694.992,341.0
695.492,339.3
695.993,336.9
696.494,339.5
696.995,338.9
697.496,339.7
697.997,337.4
698.497,345.3
698.998,338.3
699.499,338.2
700.000,335.9
