"# SPARTA demo dataset (synthetic)","vis_DEMO_glass_20p1_bg.001"
400.000,10841.8
400.501,10427.2
401.002,10534.1
401.503,11039.1
402.003,11252.4
402.504,10888.8
403.005,10527.6
403.506,10733.9
404.007,11241.3
404.508,11370.5
405.008,10970.7
405.509,10654.0
406.010,10911.4
406.511,11418.3
407.012,11495.2
407.513,11078.7
408.013,10786.6
408.514,11071.7
409.015,11569.3
409.516,11640.9
410.017,11220.7
410.518,10926.9
411.018,11187.2
411.519,11701.8
412.020,11802.4
412.521,11393.7
413.022,11064.7
413.523,11288.5
414.023,11809.8
414.524,11971.1
415.025,11605.8
415.526,11225.8
416.027,11368.4
416.528,11882.9
417.028,12139.8
417.529,11850.3
418.030,11411.7
418.531,11427.3
419.032,11920.5
419.533,12285.0
420.033,12115.3
420.534,11654.1
421.035,11515.1
421.536,11913.5
422.037,12380.6
422.538,12373.8
423.038,11941.7
423.539,11649.8
424.040,11879.0
424.541,12400.6
425.042,12614.2
425.543,12298.3
426.043,11865.0
426.544,11872.5
427.045,12342.8
427.546,12753.9
428.047,12651.0
428.548,12195.0
429.048,11950.8
429.549,12237.2
430.050,12758.8
430.551,12939.0
431.052,12615.9
431.553,12181.0
432.053,12175.0
432.554,12638.0
433.055,13070.2
433.556,13028.8
434.057,12580.3
434.558,12273.2
435.058,12475.0
435.559,12991.9
436.060,13296.5
436.561,13076.8
437.062,12609.9
437.563,12435.3
438.063,12775.8
438.564,13299.4
439.065,13464.2
439.566,13127.0
440.067,12692.0
440.568,12643.1
441.068,13061.8
441.569,13553.3
442.070,13615.2
442.571,13219.3
443.072,12812.6
443.573,12840.9
444.073,13317.7
444.574,13769.3
445.075,13774.1
445.576,13352.0
446.077,12967.0
446.578,13036.3
447.078,13524.4
447.579,13968.0
448.080,13951.6
448.581,13526.5
449.082,13147.3
449.583,13210.4
450.083,13698.2
450.584,14149.3
451.085,14149.6
451.586,13746.7
452.087,13337.6
452.588,13364.0
453.088,13816.6
453.589,14301.7
454.090,14372.8
454.591,14007.3
455.092,13565.9
455.593,13502.4
456.093,13903.6
456.594,14415.0
457.095,14598.4
457.596,14304.4
458.097,13837.7
458.598,13654.0
459.098,13942.9
459.599,14478.0
460.100,14796.7
460.601,14637.6
461.102,14168.0
461.603,13848.9
462.104,13987.3
462.604,14478.0
463.105,14926.2
463.606,14958.0
464.107,14562.1
464.608,14125.4
465.109,14055.0
465.609,14432.4
466.110,14963.4
466.611,15210.5
467.112,14989.6
467.613,14515.4
468.114,14220.2
468.614,14388.6
469.115,14887.4
469.616,15339.2
470.117,15383.8
470.618,15003.7
471.119,14552.4
471.619,14427.4
472.120,14746.9
472.621,15286.7
473.122,15617.3
473.623,15507.2
474.124,15060.6
474.624,14664.7
475.125,14672.5
475.626,15087.7
476.127,15620.1
476.628,15843.9
477.129,15631.8
477.629,15162.3
478.130,14838.0
478.631,14935.7
479.132,15405.3
479.633,15906.9
480.134,16066.4
480.634,15793.3
481.135,15313.7
481.636,15025.4
482.137,15164.1
482.638,15664.3
483.139,16148.1
483.639,16291.0
484.140,15995.8
484.641,15527.7
485.142,15233.0
485.643,15381.7
486.144,15861.0
486.644,16348.2
487.145,16514.9
487.646,16249.7
488.147,15781.7
488.648,15461.6
489.149,15544.3
489.649,16011.3
490.150,16524.4
490.651,16758.5
491.152,16552.0
491.653,16086.9
492.154,15709.4
492.654,15711.9
493.155,16106.9
493.656,16643.8
494.157,16966.3
494.658,16866.5
495.159,16448.5
495.659,16012.4
496.160,15879.2
496.661,16169.3
497.162,16692.6
497.663,17126.2
498.164,17196.3
498.664,16863.0
499.165,16396.6
499.666,16107.9
500.167,16214.4
500.668,16674.8
501.169,17196.7
501.669,17452.6
502.170,17311.1
502.671,16873.7
503.172,16446.2
503.673,16330.3
504.174,16618.8
504.674,17147.5
505.175,17593.3
505.676,17688.7
506.177,17397.8
506.678,16919.5
507.179,16577.5
507.679,16614.8
508.180,17015.7
508.681,17549.0
509.182,17900.2
509.683,17883.8
510.184,17517.7
510.684,17049.2
511.185,16778.9
511.686,16908.4
512.187,17360.9
512.688,17885.7
513.189,18184.7
513.689,18093.9
514.190,17692.0
514.691,17231.5
515.192,17014.7
515.693,17168.3
516.194,17642.4
516.694,18160.0
517.195,18441.1
517.696,18341.1
518.197,17928.7
518.698,17468.8
519.199,17243.4
519.699,17408.3
520.200,17864.9
520.701,18391.7
521.202,18689.6
521.703,18608.2
522.204,18228.9
522.705,17764.6
523.205,17490.9
523.706,17592.8
524.207,18019.3
524.708,18559.1
525.209,18915.3
525.710,18930.3
526.210,18588.1
526.711,18112.3
527.212,17776.8
527.713,17770.0
528.214,18122.5
528.715,18655.5
529.215,19099.2
529.716,19224.1
530.217,18991.6
530.718,18542.3
531.219,18111.1
531.720,17969.3
532.220,18188.9
532.721,18670.0
533.222,19186.0
533.723,19476.2
534.224,19409.1
534.725,19038.1
535.225,18558.8
535.726,18254.1
536.227,18265.5
536.728,18634.6
537.229,19163.5
537.730,19601.8
538.230,19759.3
538.731,19559.4
539.232,19111.6
539.733,18673.5
540.234,18466.7
540.735,18604.8
541.235,19042.5
541.736,19574.4
542.237,19949.9
542.738,20016.0
543.239,19738.2
543.740,19275.2
544.240,18860.9
544.741,18710.4
545.242,18913.9
545.743,19379.3
546.244,19901.3
546.745,20254.9
547.245,20268.4
547.746,19966.5
548.247,19501.3
548.748,19095.0
549.249,18967.6
549.750,19176.0
550.250,19644.2
550.751,20173.9
551.252,20520.5
551.753,20544.2
552.254,20261.1
552.755,19797.9
553.255,19382.7
553.756,19223.8
554.257,19393.1
554.758,19843.1
555.259,20363.7
555.760,20753.6
556.260,20839.5
556.761,20614.7
557.262,20166.2
557.763,19720.5
558.264,19492.5
558.765,19573.4
559.265,19951.5
559.766,20467.5
560.267,20923.0
560.768,21125.4
561.269,21004.9
561.770,20612.8
562.270,20145.2
562.771,19812.3
563.272,19748.2
563.773,20015.8
564.274,20503.0
564.775,21012.0
565.275,21348.7
565.776,21394.2
566.277,21114.5
566.778,20667.0
567.279,20234.1
567.780,20001.0
568.280,20079.1
568.781,20448.9
569.282,20967.4
569.783,21438.5
570.284,21676.5
570.785,21604.3
571.285,21265.5
571.786,20790.8
572.287,20401.6
572.788,20256.1
573.289,20407.9
573.790,20823.5
574.290,21348.2
574.791,21782.3
575.292,21965.3
575.793,21840.6
576.294,21475.4
576.795,21009.1
577.295,20638.6
577.796,20515.1
578.297,20698.7
578.798,21125.4
579.299,21632.6
579.800,22065.3
580.301,22250.8
580.801,22126.4
581.302,21755.8
581.803,21292.5
582.304,20932.5
582.805,20776.0
583.306,20925.3
583.806,21329.3
584.307,21851.2
584.808,22289.8
585.309,22515.2
585.810,22445.8
586.311,22120.5
586.811,21668.9
587.312,21256.2
587.813,21037.3
588.314,21109.1
588.815,21459.2
589.316,21952.8
589.816,22438.6
590.317,22744.6
590.818,22788.4
591.319,22547.0
591.820,22119.4
592.321,21670.2
592.821,21352.9
593.322,21307.0
593.823,21527.8
594.324,21975.7
594.825,22475.8
595.326,22892.8
595.826,23075.3
596.327,22988.1
596.828,22655.3
597.329,22199.7
597.830,21788.1
598.331,21561.8
598.831,21612.8
599.332,21931.4
599.833,22401.0
600.334,22898.1
600.835,23251.2
601.336,23364.7
601.836,23199.4
602.337,22817.8
602.838,22363.5
603.339,21979.2
603.840,21801.0
604.341,21904.0
604.841,22239.5
605.342,22733.6
605.843,23213.8
606.344,23553.8
606.845,23625.9
607.346,23454.1
607.846,23076.0
608.347,22618.8
608.848,22241.0
609.349,22064.7
609.850,22147.6
610.351,22472.6
610.851,22953.9
611.352,23434.7
611.853,23797.0
612.354,23914.1
612.855,23770.6
613.356,23402.2
613.856,22955.4
614.357,22556.5
614.858,22331.9
615.359,22358.6
615.860,22625.6
616.361,23072.5
616.861,23574.2
617.362,23973.5
617.863,24163.0
618.364,24112.9
618.865,23815.2
619.366,23384.8
619.866,22961.7
620.367,22645.1
620.868,22550.2
621.369,22723.5
621.870,23105.7
622.371,23581.0
622.871,24047.1
623.372,24363.5
623.873,24432.6
624.374,24270.3
624.875,23907.6
625.376,23464.9
625.876,23070.2
626.377,22826.6
626.878,22828.5
627.379,23077.8
627.880,23482.8
628.381,23976.2
628.881,24401.9
629.382,24662.4
629.883,24684.7
630.384,24461.0
630.885,24081.1
631.386,23636.3
631.886,23256.0
632.387,23056.1
632.888,23078.0
633.389,23343.6
633.890,23784.7
634.391,24263.8
634.891,24674.2
635.392,24920.8
635.893,24929.1
636.394,24721.2
636.895,24334.7
637.396,23894.6
637.896,23521.7
638.397,23293.4
638.898,23301.7
639.399,23529.4
639.900,23951.2
640.401,24413.3
640.902,24859.6
641.402,25134.4
641.903,25188.1
642.404,25041.1
642.905,24694.6
643.406,24249.7
643.907,23848.1
644.407,23563.8
644.908,23489.6
645.409,23653.4
645.910,24001.4
646.411,24468.1
646.912,24925.8
647.412,25274.3
647.913,25432.8
648.414,25382.5
648.915,25106.7
649.416,24715.9
649.917,24279.8
650.417,23917.7
650.918,23729.5
651.419,23757.2
651.920,23994.8
652.421,24391.4
652.922,24863.1
653.422,25278.5
653.923,25585.4
654.424,25673.2
654.925,25546.6
655.426,25249.3
655.927,24828.0
656.427,24405.3
656.928,24082.9
657.429,23927.8
657.930,23993.5
658.431,24249.9
658.932,24658.2
659.432,25128.6
659.933,25535.1
660.434,25809.1
660.935,25891.8
661.436,25761.9
661.937,25456.4
662.437,25044.6
662.938,24621.9
663.439,24292.1
663.940,24135.4
664.441,24175.5
664.942,24423.1
665.442,24807.2
665.943,25275.5
666.444,25687.4
666.945,25987.2
667.446,26102.7
667.947,26029.0
668.447,25757.3
668.948,25361.9
669.449,24929.0
669.950,24571.7
670.451,24355.4
670.952,24331.1
671.452,24501.9
671.953,24834.7
672.454,25276.5
672.955,25701.3
673.456,26077.3
673.957,26281.8
674.457,26289.9
674.958,26107.3
675.459,25766.1
675.960,25366.6
676.461,24955.3
676.962,24643.0
677.462,24497.5
677.963,24550.5
678.464,24783.8
678.965,25154.2
679.466,25596.6
679.967,26014.0
680.467,26332.9
680.968,26490.7
681.469,26445.3
681.970,26224.8
682.471,25872.8
682.972,25456.0
683.472,25068.3
683.973,24781.5
684.474,24652.1
684.975,24726.4
685.476,24973.8
685.977,25340.6
686.477,25775.7
686.978,26188.1
687.479,26495.8
687.980,26654.7
688.481,26626.2
688.982,26422.2
689.482,26067.4
689.983,25663.9
690.484,25265.0
690.985,24969.0
691.486,24822.0
691.987,24849.9
692.487,25055.6
692.988,25402.6
693.489,25820.7
693.990,26239.2
694.491,26577.0
694.992,26777.9
695.492,26805.9
695.993,26673.4
696.494,26361.5
696.995,25975.1
697.496,25563.3
697.997,25220.9
698.497,25004.5
698.998,24955.0
699.499,25073.6
700.000,25353.8
