"# SPARTA demo dataset (synthetic)","vis_DEMO_glass_0p0_s.002"
700.500,21482.3
701.000,21690.2
701.500,22226.2
702.000,22995.3
702.500,23820.5
703.000,24555.1
703.500,25050.1
704.000,25202.2
704.500,24995.5
705.000,24491.1
705.500,23796.7
706.000,23071.4
706.500,22439.0
707.000,22021.0
707.500,21894.6
708.000,22051.8
708.500,22443.3
709.000,22981.0
709.500,23544.4
710.000,24034.7
710.500,24386.3
711.000,24541.2
711.500,24524.9
712.000,24359.0
712.500,24117.6
713.000,23818.9
713.500,23565.6
714.000,23334.6
714.500,23155.2
715.000,23017.7
715.500,22936.5
716.000,22888.1
716.500,22879.8
717.000,22931.7
717.500,23050.4
718.000,23266.2
718.500,23568.3
719.000,23910.3
719.500,24274.0
720.000,24590.7
720.500,24789.9
721.000,24816.8
721.500,24637.8
722.000,24258.5
722.500,23747.9
723.000,23148.3
723.500,22599.5
724.000,22188.2
724.500,22007.7
725.000,22093.1
725.500,22484.2
726.000,23088.2
726.500,23820.0
727.000,24554.0
727.500,25155.3
728.000,25511.6
728.500,25539.2
729.000,25269.2
729.500,24712.6
730.000,24001.4
730.500,23228.3
731.000,22563.0
731.500,22080.7
732.000,21897.6
732.500,22021.7
733.000,22410.6
733.500,23003.7
734.000,23680.8
734.500,24319.0
735.000,24843.8
735.500,25144.5
736.000,25215.0
736.500,25048.2
737.000,24703.0
737.500,24257.9
738.000,23785.2
738.500,23360.9
739.000,23027.1
739.500,22834.5
740.000,22784.8
740.500,22859.7
741.000,23007.6
741.500,23227.3
742.000,23445.6
742.500,23667.9
743.000,23862.2
743.500,24037.0
744.000,24179.5
744.500,24325.9
745.000,24437.7
745.500,24508.9
746.000,24534.8
746.500,24479.1
747.000,24326.1
747.500,24081.9
748.000,23761.4
748.500,23380.1
749.000,23003.3
749.500,22693.8
750.000,22487.4
750.500,22445.9
751.000,22605.2
751.500,22954.0
752.000,23451.1
752.500,24025.9
753.000,24611.8
753.500,25087.2
754.000,25395.9
754.500,25472.0
755.000,25293.3
755.500,24870.7
756.000,24268.7
756.500,23566.9
757.000,22885.8
757.500,22309.0
758.000,21939.6
758.500,21846.1
759.000,22014.7
759.500,22436.1
760.000,23047.6
760.500,23744.1
761.000,24418.9
761.500,24985.8
762.000,25361.4
762.500,25484.2
763.000,25361.6
763.500,25015.6
764.000,24497.2
764.500,23912.9
765.000,23317.9
765.500,22818.3
766.000,22473.9
766.500,22306.6
767.000,22332.1
767.500,22523.2
768.000,22831.1
768.500,23224.4
769.000,23610.1
769.500,23962.0
770.000,24239.9
770.500,24418.6
771.000,24496.7
771.500,24487.2
772.000,24397.3
772.500,24267.8
773.000,24118.6
773.500,23952.1
774.000,23783.6
774.500,23614.9
775.000,23433.5
775.500,23259.9
776.000,23084.9
776.500,22934.1
777.000,22807.2
777.500,22724.9
778.000,22726.0
778.500,22809.2
779.000,22991.1
779.500,23271.3
780.000,23619.1
780.500,24013.4
781.000,24384.8
781.500,24688.4
782.000,24867.2
782.500,24916.2
783.000,24779.6
783.500,24470.4
784.000,24029.2
784.500,23482.3
785.000,22903.2
785.500,22382.9
786.000,21963.9
786.500,21739.6
787.000,21722.1
787.500,21929.7
788.000,22316.7
788.500,22877.3
789.000,23512.2
789.500,24139.7
790.000,24684.3
790.500,25077.9
791.000,25263.6
791.500,25198.2
792.000,24927.5
792.500,24469.3
793.000,23872.7
793.500,23244.1
794.000,22633.6
794.500,22136.4
795.000,21789.3
795.500,21635.9
796.000,21684.4
796.500,21931.1
797.000,22309.4
797.500,22789.4
798.000,23293.1
798.500,23766.5
799.000,24135.5
799.500,24391.7
800.000,24509.1
800.500,24470.2
801.000,24307.7
801.500,24049.7
802.000,23744.2
802.500,23411.2
803.000,23096.8
803.500,22829.0
804.000,22628.7
804.500,22481.9
805.000,22408.8
805.500,22387.4
806.000,22416.9
806.500,22468.6
807.000,22548.5
807.500,22647.8
808.000,22764.9
808.500,22887.8
809.000,23034.1
809.500,23192.6
810.000,23366.3
810.500,23532.1
811.000,23701.9
811.500,23827.2
812.000,23905.8
812.500,23922.1
813.000,23829.2
813.500,23649.7
814.000,23374.3
814.500,23031.3
815.000,22647.4
815.500,22251.5
816.000,21896.6
816.500,21607.1
817.000,21447.7
817.500,21426.9
818.000,21557.3
818.500,21834.2
819.000,22233.3
819.500,22721.2
820.000,23237.0
820.500,23724.2
821.000,24115.2
821.500,24380.2
822.000,24481.8
822.500,24395.4
823.000,24138.7
823.500,23701.4
824.000,23158.6
824.500,22581.7
825.000,21998.3
825.500,21483.5
826.000,21093.9
826.500,20863.4
827.000,20819.0
827.500,20959.9
828.000,21256.7
828.500,21697.0
829.000,22203.6
829.500,22729.1
830.000,23223.1
830.500,23624.9
831.000,23893.6
831.500,24031.3
832.000,23989.1
832.500,23808.0
833.000,23498.6
833.500,23109.1
834.000,22675.2
834.500,22247.6
835.000,21855.4
835.500,21533.8
836.000,21321.3
836.500,21210.3
837.000,21193.5
837.500,21281.3
838.000,21430.0
838.500,21637.6
839.000,21862.2
839.500,22085.0
840.000,22289.1
840.500,22472.8
841.000,22600.4
841.500,22690.8
842.000,22737.8
842.500,22760.2
843.000,22751.3
843.500,22722.7
844.000,22661.9
844.500,22605.4
845.000,22510.7
845.500,22389.4
846.000,22240.5
846.500,22088.3
847.000,21886.9
847.500,21683.8
848.000,21468.7
848.500,21265.2
849.000,21085.2
849.500,20955.2
850.000,20879.7
850.500,20887.4
851.000,20975.2
851.500,21153.9
852.000,21410.3
852.500,21710.9
853.000,22059.5
853.500,22400.1
854.000,22706.4
854.500,22942.8
855.000,23088.1
855.500,23123.8
856.000,23022.1
856.500,22794.6
857.000,22449.5
857.500,22014.1
858.000,21539.4
858.500,21052.6
859.000,20597.2
859.500,20218.2
860.000,19956.1
860.500,19810.8
861.000,19842.4
861.500,19997.9
862.000,20296.7
862.500,20686.5
863.000,21160.3
863.500,21625.6
864.000,22089.7
864.500,22480.4
865.000,22760.9
865.500,22932.0
866.000,22949.7
866.500,22820.6
867.000,22562.7
867.500,22206.4
868.000,21760.8
868.500,21289.9
869.000,20830.3
869.500,20403.0
870.000,20060.0
870.500,19825.5
871.000,19685.9
871.500,19679.4
872.000,19782.1
872.500,19979.8
873.000,20234.3
873.500,20542.0
874.000,20848.0
874.500,21140.1
875.000,21415.6
875.500,21620.4
876.000,21752.5
876.500,21811.5
877.000,21798.1
877.500,21715.7
878.000,21578.8
878.500,21417.1
879.000,21229.0
879.500,21029.8
880.000,20837.1
880.500,20652.9
881.000,20493.5
881.500,20360.5
882.000,20243.3
882.500,20149.1
883.000,20063.0
883.500,20003.5
884.000,19960.1
884.500,19932.7
885.000,19916.8
885.500,19914.2
886.000,19951.4
886.500,20008.2
887.000,20091.4
887.500,20213.4
888.000,20352.7
888.500,20519.9
889.000,20685.3
889.500,20864.6
890.000,21017.5
890.500,21141.1
891.000,21211.5
891.500,21218.1
892.000,21173.9
892.500,21038.2
893.000,20833.7
893.500,20570.2
894.000,20259.0
894.500,19916.5
895.000,19554.4
895.500,19229.8
896.000,18942.7
896.500,18732.3
897.000,18595.2
897.500,18569.8
898.000,18638.7
898.500,18804.1
899.000,19060.7
899.500,19389.8
900.000,19756.1
900.500,20138.3
901.000,20500.2
901.500,20813.3
902.000,21052.0
902.500,21197.6
903.000,21242.0
903.500,21165.8
904.000,20971.5
904.500,20691.7
905.000,20334.2
905.500,19914.8
906.000,19476.2
906.500,19045.7
907.000,18655.7
907.500,18334.4
908.000,18089.4
908.500,17961.5
909.000,17920.8
909.500,17990.7
910.000,18155.1
910.500,18405.7
911.000,18696.4
911.500,19028.2
912.000,19370.8
912.500,19684.6
913.000,19952.2
913.500,20158.1
914.000,20285.2
914.500,20334.1
915.000,20301.2
915.500,20195.8
916.000,20013.6
916.500,19785.0
917.000,19519.7
917.500,19240.3
918.000,18974.2
918.500,18711.2
919.000,18485.6
919.500,18305.1
920.000,18170.5
920.500,18073.5
921.000,18030.3
921.500,18039.3
922.000,18066.1
922.500,18131.1
923.000,18212.6
923.500,18303.6
924.000,18397.4
924.500,18486.6
925.000,18564.5
925.500,18646.7
926.000,18713.0
926.500,18773.4
927.000,18831.0
927.500,18864.6
928.000,18904.7
928.500,18929.2
929.000,18951.0
929.500,18945.4
930.000,18937.1
930.500,18908.7
931.000,18850.2
931.500,18763.8
932.000,18654.9
932.500,18516.9
933.000,18353.2
933.500,18167.3
934.000,17954.5
934.500,17756.1
935.000,17554.8
935.500,17368.0
936.000,17205.9
936.500,17084.2
937.000,17022.9
937.500,17007.8
938.000,17060.0
938.500,17161.0
939.000,17313.6
939.500,17513.3
940.000,17760.1
940.500,18012.4
941.000,18262.3
941.500,18488.4
942.000,18688.6
942.500,18837.0
943.000,18909.3
943.500,18928.0
944.000,18859.3
944.500,18707.1
945.000,18484.5
945.500,18209.4
946.000,17902.5
946.500,17545.5
947.000,17192.3
947.500,16853.1
948.000,16542.9
948.500,16281.9
949.000,16087.5
949.500,15973.4
950.000,15940.0
950.500,15985.7
951.000,16106.4
951.500,16314.4
952.000,16557.3
952.500,16842.5
953.000,17127.3
953.500,17418.6
954.000,17689.5
954.500,17925.1
955.000,18103.4
955.500,18220.7
956.000,18252.0
956.500,18212.8
957.000,18099.7
957.500,17931.6
958.000,17701.7
958.500,17441.1
959.000,17147.9
959.500,16852.4
960.000,16555.9
960.500,16289.0
961.000,16059.7
961.500,15877.3
962.000,15736.8
962.500,15660.2
963.000,15632.2
963.500,15652.8
964.000,15717.8
964.500,15824.3
965.000,15962.6
965.500,16106.8
966.000,16259.6
966.500,16408.2
967.000,16535.3
967.500,16654.8
968.000,16747.1
968.500,16804.7
969.000,16841.2
969.500,16839.7
970.000,16821.0
970.500,16772.0
971.000,16704.6
971.500,16626.2
972.000,16544.8
972.500,16437.6
973.000,16344.8
973.500,16242.4
974.000,16137.3
974.500,16043.2
975.000,15942.0
975.500,15848.9
976.000,15743.4
976.500,15655.0
977.000,15552.6
977.500,15461.7
978.000,15379.4
978.500,15294.4
979.000,15218.7
979.500,15164.0
980.000,15119.3
980.500,15090.4
981.000,15085.1
981.500,15103.0
982.000,15156.2
982.500,15213.2
983.000,15306.3
983.500,15423.3
984.000,15537.9
984.500,15662.5
985.000,15791.2
985.500,15918.0
986.000,16007.1
986.500,16088.9
987.000,16134.0
987.500,16133.9
988.000,16096.0
988.500,16021.9
989.000,15899.7
989.500,15726.4
990.000,15531.5
990.500,15307.6
991.000,15063.2
991.500,14816.1
992.000,14563.3
992.500,14330.1
993.000,14124.7
993.500,13962.3
994.000,13838.6
994.500,13764.0
995.000,13753.5
995.500,13783.4
996.000,13872.9
996.500,14013.1
997.000,14183.2
997.500,14380.8
998.000,14603.5
998.500,14826.7
999.000,15048.7
999.500,15240.0
1000.000,15403.1
