"# SPARTA demo dataset (synthetic)","vis_DEMO_glass_12p8_s.002"
700.500,21837.1
701.000,22248.9
701.500,22465.9
702.000,22502.2
702.500,22381.6
703.000,22141.4
703.500,21878.0
704.000,21626.2
704.500,21419.0
705.000,21281.7
705.500,21200.7
706.000,21162.4
706.500,21149.8
707.000,21137.6
707.500,21144.6
708.000,21177.5
708.500,21274.6
709.000,21447.2
709.500,21720.6
710.000,22072.6
710.500,22486.6
711.000,22894.3
711.500,23232.4
712.000,23431.2
712.500,23440.7
713.000,23249.4
713.500,22831.6
714.000,22299.8
714.500,21709.5
715.000,21166.5
715.500,20762.9
716.000,20606.5
716.500,20706.8
717.000,21077.9
717.500,21650.3
718.000,22352.3
718.500,23061.0
719.000,23671.5
719.500,24097.5
720.000,24262.2
720.500,24170.5
721.000,23841.3
721.500,23373.1
722.000,22818.8
722.500,22284.7
723.000,21865.4
723.500,21588.8
724.000,21506.3
724.500,21579.5
725.000,21794.0
725.500,22099.9
726.000,22428.5
726.500,22741.7
727.000,22992.7
727.500,23190.2
728.000,23341.1
728.500,23441.5
729.000,23519.0
729.500,23582.2
730.000,23636.1
730.500,23681.7
731.000,23677.6
731.500,23605.3
732.000,23438.6
732.500,23203.0
733.000,22872.6
733.500,22498.3
734.000,22158.2
734.500,21871.8
735.000,21723.4
735.500,21739.7
736.000,21964.4
736.500,22370.1
737.000,22911.4
737.500,23527.8
738.000,24137.5
738.500,24632.0
739.000,24956.8
739.500,25034.2
740.000,24857.4
740.500,24474.7
741.000,23912.6
741.500,23247.4
742.000,22592.7
742.500,22051.1
743.000,21679.6
743.500,21531.8
744.000,21634.0
744.500,21936.6
745.000,22401.5
745.500,22966.3
746.000,23515.5
746.500,23999.0
747.000,24358.5
747.500,24567.7
748.000,24620.3
748.500,24526.8
749.000,24311.9
749.500,24042.9
750.000,23767.2
750.500,23498.1
751.000,23289.1
751.500,23108.8
752.000,22996.8
752.500,22907.8
753.000,22837.8
753.500,22785.9
754.000,22737.4
754.500,22711.7
755.000,22718.0
755.500,22769.6
756.000,22895.1
756.500,23090.7
757.000,23373.8
757.500,23701.4
758.000,24072.9
758.500,24438.5
759.000,24725.6
759.500,24884.6
760.000,24910.1
760.500,24740.0
761.000,24411.2
761.500,23936.4
762.000,23381.3
762.500,22803.5
763.000,22268.6
763.500,21887.0
764.000,21677.7
764.500,21666.8
765.000,21903.8
765.500,22319.7
766.000,22891.2
766.500,23518.8
767.000,24145.4
767.500,24669.7
768.000,25060.7
768.500,25248.6
769.000,25231.9
769.500,25006.1
770.000,24625.2
770.500,24131.8
771.000,23618.5
771.500,23123.2
772.000,22701.3
772.500,22411.1
773.000,22250.7
773.500,22244.8
774.000,22346.9
774.500,22532.3
775.000,22784.8
775.500,23045.7
776.000,23304.4
776.500,23521.5
777.000,23699.6
777.500,23828.6
778.000,23920.3
778.500,23994.0
779.000,24052.4
779.500,24096.4
780.000,24141.6
780.500,24172.7
781.000,24162.8
781.500,24117.8
782.000,24002.9
782.500,23815.1
783.000,23553.4
783.500,23240.6
784.000,22888.7
784.500,22544.8
785.000,22236.6
785.500,22020.4
786.000,21922.4
786.500,21987.8
787.000,22203.9
787.500,22554.8
788.000,23023.0
788.500,23547.9
789.000,24076.5
789.500,24559.4
790.000,24912.4
790.500,25121.4
791.000,25145.2
791.500,24959.6
792.000,24617.7
792.500,24130.5
793.000,23547.9
793.500,22948.5
794.000,22387.5
794.500,21941.9
795.000,21643.4
795.500,21508.6
796.000,21554.4
796.500,21772.6
797.000,22116.6
797.500,22559.6
798.000,23034.9
798.500,23478.2
799.000,23867.8
799.500,24173.7
800.000,24335.4
800.500,24401.4
801.000,24345.9
801.500,24195.1
802.000,23973.0
802.500,23727.7
803.000,23481.2
803.500,23249.8
804.000,23044.7
804.500,22870.6
805.000,22745.6
805.500,22637.8
806.000,22557.8
806.500,22484.1
807.000,22427.0
807.500,22363.9
808.000,22311.2
808.500,22283.7
809.000,22291.2
809.500,22341.6
810.000,22452.4
810.500,22623.1
811.000,22858.6
811.500,23141.4
812.000,23458.1
812.500,23766.9
813.000,24030.7
813.500,24231.1
814.000,24322.5
814.500,24294.3
815.000,24128.7
815.500,23840.9
816.000,23443.6
816.500,22978.4
817.000,22462.4
817.500,21970.1
818.000,21535.3
818.500,21216.4
819.000,21018.4
819.500,20998.5
820.000,21134.9
820.500,21422.3
821.000,21820.5
821.500,22321.1
822.000,22832.2
822.500,23346.3
823.000,23785.9
823.500,24118.4
824.000,24303.5
824.500,24349.2
825.000,24234.2
825.500,23990.5
826.000,23646.5
826.500,23223.6
827.000,22785.8
827.500,22360.4
828.000,21970.7
828.500,21664.2
829.000,21456.0
829.500,21344.4
830.000,21326.7
830.500,21403.2
831.000,21546.0
831.500,21725.3
832.000,21926.5
832.500,22121.5
833.000,22302.3
833.500,22463.0
834.000,22577.7
834.500,22673.4
835.000,22746.8
835.500,22796.2
836.000,22851.2
836.500,22894.1
837.000,22935.5
837.500,22956.2
838.000,22973.0
838.500,22966.8
839.000,22917.7
839.500,22837.4
840.000,22702.1
840.500,22510.5
841.000,22272.0
841.500,21990.9
842.000,21679.1
842.500,21378.1
843.000,21099.1
843.500,20881.4
844.000,20723.9
844.500,20680.5
845.000,20729.4
845.500,20895.3
846.000,21163.4
846.500,21509.6
847.000,21927.2
847.500,22359.3
848.000,22777.8
848.500,23126.3
849.000,23396.2
849.500,23554.9
850.000,23577.7
850.500,23469.5
851.000,23237.7
851.500,22885.4
852.000,22459.4
852.500,21970.5
853.000,21481.8
853.500,21010.2
854.000,20618.3
854.500,20309.3
855.000,20122.7
855.500,20055.9
856.000,20113.5
856.500,20282.6
857.000,20537.0
857.500,20866.6
858.000,21219.0
858.500,21583.9
859.000,21914.6
859.500,22198.0
860.000,22413.3
860.500,22532.7
861.000,22581.0
861.500,22542.0
862.000,22452.2
862.500,22304.0
863.000,22109.0
863.500,21902.5
864.000,21701.0
864.500,21500.0
865.000,21330.9
865.500,21170.0
866.000,21050.1
866.500,20946.0
867.000,20849.3
867.500,20762.8
868.000,20692.4
868.500,20617.7
869.000,20554.2
869.500,20487.8
870.000,20433.3
870.500,20402.5
871.000,20398.5
871.500,20436.2
872.000,20509.3
872.500,20612.8
873.000,20774.5
873.500,20972.1
874.000,21193.6
874.500,21427.4
875.000,21664.6
875.500,21867.8
876.000,22025.1
876.500,22131.5
877.000,22154.3
877.500,22077.1
878.000,21927.4
878.500,21672.1
879.000,21356.2
879.500,20982.4
880.000,20572.4
880.500,20172.2
881.000,19779.5
881.500,19445.2
882.000,19185.2
882.500,19020.9
883.000,18963.7
883.500,19024.3
884.000,19175.0
884.500,19433.0
885.000,19753.1
885.500,20136.1
886.000,20519.8
886.500,20912.5
887.000,21250.3
887.500,21535.3
888.000,21739.8
888.500,21828.9
889.000,21839.4
889.500,21740.7
890.000,21547.7
890.500,21291.5
891.000,20984.4
891.500,20633.6
892.000,20293.9
892.500,19959.4
893.000,19654.6
893.500,19402.0
894.000,19210.1
894.500,19089.7
895.000,19017.2
895.500,19032.1
896.000,19076.3
896.500,19172.7
897.000,19289.6
897.500,19419.4
898.000,19556.8
898.500,19690.1
899.000,19796.7
899.500,19906.7
900.000,19984.5
900.500,20046.2
901.000,20089.0
901.500,20128.3
902.000,20162.3
902.500,20190.4
903.000,20206.7
903.500,20225.6
904.000,20244.3
904.500,20256.7
905.000,20243.0
905.500,20213.5
906.000,20164.1
906.500,20081.9
907.000,19961.6
907.500,19803.8
908.000,19614.4
908.500,19403.1
909.000,19159.6
909.500,18920.4
910.000,18667.0
910.500,18446.3
911.000,18263.7
911.500,18118.9
912.000,18041.6
912.500,18028.4
913.000,18089.6
913.500,18220.5
914.000,18418.3
914.500,18666.8
915.000,18958.2
915.500,19269.2
916.000,19562.7
916.500,19854.4
917.000,20097.9
917.500,20280.9
918.000,20403.7
918.500,20429.3
919.000,20364.8
919.500,20223.2
920.000,20001.6
920.500,19724.0
921.000,19384.5
921.500,19018.1
922.000,18640.1
922.500,18284.7
923.000,17948.5
923.500,17663.2
924.000,17445.2
924.500,17297.9
925.000,17234.4
925.500,17238.5
926.000,17317.3
926.500,17467.0
927.000,17667.2
927.500,17900.9
928.000,18139.2
928.500,18387.5
929.000,18623.8
929.500,18819.5
930.000,18990.7
930.500,19109.0
931.000,19182.5
931.500,19202.9
932.000,19182.2
932.500,19110.5
933.000,18998.9
933.500,18861.0
934.000,18716.7
934.500,18561.5
935.000,18404.4
935.500,18253.6
936.000,18120.5
936.500,17992.1
937.000,17884.1
937.500,17775.4
938.000,17691.1
938.500,17602.7
939.000,17528.4
939.500,17460.5
940.000,17399.6
940.500,17334.2
941.000,17270.4
941.500,17210.9
942.000,17155.3
942.500,17112.0
943.000,17082.3
943.500,17071.1
944.000,17096.7
944.500,17134.2
945.000,17214.5
945.500,17311.9
946.000,17434.1
946.500,17585.9
947.000,17739.5
947.500,17897.1
948.000,18055.0
948.500,18195.3
949.000,18298.9
949.500,18377.5
950.000,18396.4
950.500,18370.9
951.000,18291.4
951.500,18162.7
952.000,17966.1
952.500,17739.4
953.000,17477.1
953.500,17177.9
954.000,16882.2
954.500,16574.1
955.000,16298.7
955.500,16053.2
956.000,15845.8
956.500,15696.3
957.000,15601.6
957.500,15577.7
958.000,15617.7
958.500,15729.6
959.000,15896.7
959.500,16090.4
960.000,16327.4
960.500,16584.5
961.000,16847.8
961.500,17094.0
962.000,17320.7
962.500,17506.2
963.000,17647.7
963.500,17729.8
964.000,17761.5
964.500,17732.3
965.000,17642.8
965.500,17510.2
966.000,17331.8
966.500,17119.4
967.000,16884.0
967.500,16629.1
968.000,16388.2
968.500,16140.1
969.000,15926.1
969.500,15737.2
970.000,15581.1
970.500,15463.8
971.000,15377.4
971.500,15327.1
972.000,15311.1
972.500,15336.8
973.000,15372.8
973.500,15435.0
974.000,15506.3
974.500,15574.8
975.000,15648.8
975.500,15725.5
976.000,15794.3
976.500,15857.1
977.000,15889.5
977.500,15929.6
978.000,15960.1
978.500,15972.6
979.000,15985.0
979.500,16007.4
980.000,16018.0
980.500,16012.3
981.000,16030.1
981.500,16032.3
982.000,16045.1
982.500,16038.3
983.000,16020.0
983.500,16008.3
984.000,15975.9
984.500,15920.3
985.000,15854.8
985.500,15767.8
986.000,15651.9
986.500,15518.3
987.000,15375.1
987.500,15205.4
988.000,15036.5
988.500,14858.8
989.000,14675.6
989.500,14512.9
990.000,14364.2
990.500,14243.8
991.000,14145.5
991.500,14084.6
992.000,14056.4
992.500,14075.3
993.000,14132.3
993.500,14226.8
994.000,14343.2
994.500,14503.7
995.000,14688.3
995.500,14870.0
996.000,15067.1
996.500,15242.1
997.000,15415.5
997.500,15546.4
998.000,15656.0
998.500,15730.4
999.000,15745.7
999.500,15726.3
1000.000,15651.4
