"# SPARTA demo dataset (synthetic)","vis_DEMO_glass_0p0.002"
700.500,340.1
701.000,332.3
701.500,342.6
702.000,339.7
702.500,340.9
703.000,342.2
703.500,333.8
704.000,341.8
704.500,338.6
705.000,341.9
705.500,335.0
706.000,336.4
706.500,338.5
707.000,344.4
707.500,337.1
708.000,342.4
708.500,340.8
709.000,337.2
709.500,341.5
710.000,338.6
710.500,341.3
711.000,338.0
711.500,341.9
712.000,337.3
712.500,341.0
713.000,338.4
713.500,340.1
714.000,341.0
714.500,339.7
715.000,338.9
715.500,340.5
716.000,342.0
716.500,340.5
717.000,338.1
717.500,340.6
718.000,339.2
718.500,336.8
719.000,342.0
719.500,337.5
720.000,342.4
720.500,335.7
721.000,340.6
721.500,337.2
722.000,341.7
722.500,338.8
723.000,339.2
723.500,337.2
724.000,336.4
724.500,340.2
725.000,339.2
725.500,343.2
726.000,338.3
726.500,339.8
727.000,343.0
727.500,339.4
728.000,339.3
728.500,343.4
729.000,340.2
729.500,338.8
730.000,337.5
730.500,337.9
731.000,342.5
731.500,337.7
732.000,341.6
732.500,334.5
733.000,339.2
733.500,334.4
734.000,337.4
734.500,338.4
735.000,337.4
735.500,338.6
736.000,340.4
736.500,343.8
737.000,338.4
737.500,335.5
738.000,346.6
738.500,338.1
739.000,341.8
739.500,342.3
740.000,339.2
740.500,338.3
741.000,340.6
741.500,339.2
742.000,341.6
742.500,341.1
743.000,337.9
743.500,334.0
744.000,341.4
744.500,338.7
745.000,339.5
745.500,341.7
746.000,342.6
746.500,340.8
747.000,336.4
747.500,340.5
748.000,343.0
748.500,339.0
749.000,341.9
749.500,336.9
750.000,337.5
750.500,340.1
751.000,343.3
751.500,334.0
752.000,333.3
752.500,341.1
753.000,341.6
753.500,342.7
754.000,342.5
754.500,338.5
755.000,339.1
755.500,336.6
756.000,336.5
756.500,338.6
757.000,339.2
757.500,338.3
758.000,339.1
758.500,340.6
759.000,339.7
759.500,346.1
760.000,338.4
760.500,338.5
761.000,337.2
761.500,340.9
762.000,339.6
762.500,335.8
763.000,340.2
763.500,334.8
764.000,338.9
764.500,339.6
765.000,341.6
765.500,333.7
766.000,338.0
766.500,334.0
767.000,346.4
767.500,343.3
768.000,338.7
768.500,336.6
769.000,339.6
769.500,341.3
770.000,337.6
770.500,342.8
771.000,342.5
771.500,337.6
772.000,336.6
772.500,340.2
773.000,341.1
773.500,340.1
774.000,337.5
774.500,338.2
775.000,338.9
775.500,335.1
776.000,342.2
776.500,340.8
777.000,341.6
777.500,336.2
778.000,344.7
778.500,340.7
779.000,340.6
779.500,340.6
780.000,340.1
780.500,338.5
781.000,338.8
781.500,337.0
782.000,338.8
782.500,343.2
783.000,338.5
783.500,341.0
784.000,341.5
784.500,343.4
785.000,336.9
785.500,338.5
786.000,341.5
786.500,338.1
787.000,339.9
787.500,335.6
788.000,340.3
788.500,341.5
789.000,336.7
789.500,339.8
790.000,341.5
790.500,345.7
791.000,339.4
791.500,339.5
792.000,337.9
792.500,336.5
793.000,338.4
793.500,342.5
794.000,340.8
794.500,343.4
795.000,338.6
795.500,339.0
796.000,338.6
796.500,339.4
797.000,339.0
797.500,337.5
798.000,338.3
798.500,342.5
799.000,341.2
799.500,342.5
800.000,337.5
800.500,337.1
801.000,340.0
801.500,340.4
802.000,340.2
802.500,342.6
803.000,343.6
803.500,339.1
804.000,341.2
804.500,344.7
805.000,339.4
805.500,339.2
806.000,340.9
806.500,337.5
807.000,340.4
807.500,338.5
808.000,337.6
808.500,332.3
809.000,339.5
809.500,339.2
810.000,335.4
810.500,342.0
811.000,339.2
811.500,341.2
812.000,345.5
812.500,337.7
813.000,344.1
813.500,339.4
814.000,338.2
814.500,340.6
815.000,337.7
815.500,336.3
816.000,337.2
816.500,343.2
817.000,344.1
817.500,336.6
818.000,336.6
818.500,340.5
819.000,339.2
819.500,341.0
820.000,342.4
820.500,340.2
821.000,339.7
821.500,343.4
822.000,337.9
822.500,337.5
823.000,343.7
823.500,340.6
824.000,342.0
824.500,342.1
825.000,338.8
825.500,338.4
826.000,338.7
826.500,342.7
827.000,340.3
827.500,339.4
828.000,339.1
828.500,340.5
829.000,341.7
829.500,344.1
830.000,342.2
830.500,342.1
831.000,341.8
831.500,335.4
832.000,342.6
832.500,341.8
833.000,338.0
833.500,337.9
834.000,340.8
834.500,338.8
835.000,338.5
835.500,342.7
836.000,340.4
836.500,340.1
837.000,339.4
837.500,336.9
838.000,340.2
838.500,340.9
839.000,341.8
839.500,344.1
840.000,341.7
840.500,337.2
841.000,341.6
841.500,342.6
842.000,336.9
842.500,342.6
843.000,338.0
843.500,342.5
844.000,342.7
844.500,340.9
845.000,342.0
845.500,339.2
846.000,342.2
846.500,337.3
847.000,337.9
847.500,338.8
848.000,338.6
848.500,336.4
849.000,338.5
849.500,343.4
850.000,341.0
850.500,338.0
851.000,339.5
851.500,341.0
852.000,344.5
852.500,339.1
853.000,340.2
853.500,338.7
854.000,337.4
854.500,337.6
855.000,339.3
855.500,340.8
856.000,339.1
856.500,337.6
857.000,341.6
857.500,342.8
858.000,339.6
858.500,339.3
859.000,335.0
859.500,341.1
860.000,342.2
860.500,336.8
861.000,337.4
861.500,336.0
862.000,338.7
862.500,339.2
863.000,339.0
863.500,338.9
864.000,341.9
864.500,342.3
865.000,340.6
865.500,343.7
866.000,343.2
866.500,340.3
867.000,340.9
867.500,339.0
868.000,337.9
868.500,342.2
869.000,344.3
869.500,340.7
870.000,342.8
870.500,339.8
871.000,340.2
871.500,341.2
872.000,337.6
872.500,340.5
873.000,342.0
873.500,339.1
874.000,338.3
874.500,340.6
875.000,339.4
875.500,337.7
876.000,340.4
876.500,342.9
877.000,339.4
877.500,342.4
878.000,338.0
878.500,346.9
879.000,340.4
879.500,341.1
880.000,341.5
880.500,338.9
881.000,336.3
881.500,337.6
882.000,340.3
882.500,342.0
883.000,339.6
883.500,343.0
884.000,336.0
884.500,345.0
885.000,338.0
885.500,339.5
886.000,345.5
886.500,340.6
887.000,340.3
887.500,338.2
888.000,340.1
888.500,342.7
889.000,336.6
889.500,337.5
890.000,342.8
890.500,342.6
891.000,335.1
891.500,340.3
892.000,337.4
892.500,338.8
893.000,340.3
893.500,336.3
894.000,335.4
894.500,342.2
895.000,340.9
895.500,340.1
896.000,341.3
896.500,337.2
897.000,340.0
897.500,338.0
898.000,339.2
898.500,335.9
899.000,339.5
899.500,342.8
900.000,334.9
900.500,337.1
901.000,337.7
901.500,340.4
902.000,337.5
902.500,337.7
903.000,341.3
903.500,336.4
904.000,338.9
904.500,338.4
905.000,337.6
905.500,343.2
906.000,341.2
906.500,338.3
907.000,337.3
907.500,346.5
908.000,341.1
908.500,342.5
909.000,335.9
909.500,339.3
910.000,343.2
910.500,337.0
911.000,338.6
911.500,340.1
912.000,340.4
912.500,341.2
913.000,336.9
913.500,340.2
914.000,345.3
914.500,341.1
915.000,340.8
915.500,335.9
916.000,341.5
916.500,339.8
917.000,337.6
917.500,338.9
918.000,336.4
918.500,339.4
919.000,344.5
919.500,337.1
920.000,336.4
920.500,338.1
921.000,338.5
921.500,340.3
922.000,336.4
922.500,337.3
923.000,338.5
923.500,345.2
924.000,338.2
924.500,336.5
925.000,340.0
925.500,339.5
926.000,338.0
926.500,339.1
927.000,337.1
927.500,339.7
928.000,337.3
928.500,341.1
929.000,338.4
929.500,338.0
930.000,340.1
930.500,341.4
931.000,341.4
931.500,343.9
932.000,339.6
932.500,343.5
933.000,342.7
933.500,341.3
934.000,338.0
934.500,338.0
935.000,343.9
935.500,343.3
936.000,341.6
936.500,342.2
937.000,340.6
937.500,341.9
938.000,343.2
938.500,340.1
939.000,340.3
939.500,345.4
940.000,338.0
940.500,335.1
941.000,337.9
941.500,343.3
942.000,339.7
942.500,337.4
943.000,342.7
943.500,340.7
944.000,342.2
944.500,340.6
945.000,346.2
945.500,340.6
946.000,341.7
946.500,342.9
947.000,343.0
947.500,340.2
948.000,340.4
948.500,338.3
949.000,337.8
949.500,346.6
950.000,339.3
950.500,342.2
951.000,341.5
951.500,342.4
952.000,339.5
952.500,337.6
953.000,344.5
953.500,338.7
954.000,340.0
954.500,342.6
955.000,340.0
955.500,340.5
956.000,341.0
956.500,338.1
957.000,338.4
957.500,341.7
958.000,337.3
958.500,344.8
959.000,337.6
959.500,337.8
960.000,339.2
960.500,335.9
961.000,341.3
961.500,343.8
962.000,338.2
962.500,340.4
963.000,341.7
963.500,342.1
964.000,342.1
964.500,341.1
965.000,338.4
965.500,342.9
966.000,338.5
966.500,338.3
967.000,341.4
967.500,337.5
968.000,340.4
968.500,341.8
969.000,337.0
969.500,338.6
970.000,339.5
970.500,339.6
971.000,341.0
971.500,342.0
972.000,335.6
972.500,344.0
973.000,338.0
973.500,337.9
974.000,336.7
974.500,334.9
975.000,340.9
975.500,341.5
976.000,339.4
976.500,343.3
977.000,343.1
977.500,337.1
978.000,340.5
978.500,338.6
979.000,341.5
979.500,344.9
980.000,338.3
980.500,333.1
981.000,338.1
981.500,341.1
982.000,337.6
982.500,332.6
983.000,341.0
983.500,341.4
984.000,342.5
984.500,340.3
985.000,345.8
985.500,340.1
986.000,339.7
986.500,340.0
987.000,340.6
987.500,337.0
988.000,339.4
988.500,335.3
989.000,340.7
989.500,332.6
990.000,338.7
990.500,336.6
991.000,339.8
991.500,341.4
992.000,344.1
992.500,337.9
993.000,340.6
993.500,336.0
994.000,341.6
994.500,338.7
995.000,339.8
995.500,339.6
996.000,342.0
996.500,342.3
997.000,341.6
997.500,342.1
998.000,339.3
998.500,339.8
999.000,342.2
999.500,340.1
1000.000,342.5
