"# SPARTA demo dataset (synthetic)","vis_DEMO_glass_5p2_bg.002"
700.500,25546.3
701.000,26004.0
701.500,26452.9
702.000,26796.5
702.500,26954.4
703.000,26893.7
703.500,26646.4
704.000,26245.4
704.500,25798.5
705.000,25404.6
705.500,25134.4
706.000,25072.9
706.500,25201.4
707.000,25514.6
707.500,25952.6
708.000,26410.2
708.500,26787.0
709.000,27018.3
709.500,27060.5
710.000,26870.5
710.500,26538.5
711.000,26103.8
711.500,25683.7
712.000,25347.2
712.500,25158.8
713.000,25196.2
713.500,25407.5
714.000,25786.7
714.500,26232.3
715.000,26666.5
715.500,26985.8
716.000,27146.9
716.500,27106.9
717.000,26871.9
717.500,26504.4
718.000,26063.6
718.500,25659.5
719.000,25364.3
719.500,25240.5
720.000,25301.6
720.500,25541.2
721.000,25932.4
721.500,26366.6
722.000,26791.6
722.500,27082.4
723.000,27226.1
723.500,27167.0
724.000,26928.3
724.500,26558.0
725.000,26130.6
725.500,25723.0
726.000,25425.8
726.500,25289.4
727.000,25339.4
727.500,25580.1
728.000,25942.4
728.500,26369.7
729.000,26791.8
729.500,27107.0
730.000,27269.5
730.500,27248.0
731.000,27049.7
731.500,26701.0
732.000,26281.5
732.500,25880.3
733.000,25539.5
733.500,25355.7
734.000,25343.2
734.500,25505.7
735.000,25826.3
735.500,26234.6
736.000,26668.1
736.500,27023.4
737.000,27246.3
737.500,27317.0
738.000,27202.5
738.500,26941.7
739.000,26544.2
739.500,26125.2
740.000,25745.3
740.500,25477.1
741.000,25354.0
741.500,25407.3
742.000,25626.8
742.500,25976.1
743.000,26381.3
743.500,26789.6
744.000,27101.6
744.500,27295.9
745.000,27310.4
745.500,27167.1
746.000,26870.5
746.500,26490.2
747.000,26073.4
747.500,25709.2
748.000,25455.8
748.500,25350.3
749.000,25417.3
749.500,25640.9
750.000,25983.1
750.500,26375.8
751.000,26778.5
751.500,27093.4
752.000,27278.8
752.500,27302.2
753.000,27183.0
753.500,26901.8
754.000,26531.6
754.500,26114.9
755.000,25746.7
755.500,25474.3
756.000,25334.9
756.500,25362.5
757.000,25540.5
757.500,25858.9
758.000,26234.1
758.500,26636.4
759.000,26963.3
759.500,27185.4
760.000,27284.4
760.500,27199.1
761.000,26978.4
761.500,26647.5
762.000,26268.1
762.500,25877.8
763.000,25543.2
763.500,25350.6
764.000,25283.2
764.500,25375.6
765.000,25611.3
765.500,25950.3
766.000,26343.7
766.500,26708.2
767.000,27008.3
767.500,27173.0
768.000,27212.6
768.500,27096.2
769.000,26835.2
769.500,26485.0
770.000,26103.2
770.500,25733.9
771.000,25433.8
771.500,25256.7
772.000,25224.5
772.500,25326.4
773.000,25571.0
773.500,25905.5
774.000,26286.1
774.500,26634.5
775.000,26930.8
775.500,27093.5
776.000,27118.0
776.500,27009.6
777.000,26770.3
777.500,26435.6
778.000,26052.3
778.500,25687.9
779.000,25371.3
779.500,25183.5
780.000,25119.9
780.500,25191.3
781.000,25402.3
781.500,25706.9
782.000,26076.0
782.500,26435.4
783.000,26740.9
783.500,26936.9
784.000,27020.4
784.500,26952.0
785.000,26763.3
785.500,26452.8
786.000,26103.3
786.500,25719.7
787.000,25394.0
787.500,25150.9
788.000,25003.8
788.500,25015.1
789.000,25151.4
789.500,25405.1
790.000,25725.2
790.500,26074.5
791.000,26398.7
791.500,26674.0
792.000,26839.1
792.500,26861.3
793.000,26755.6
793.500,26537.8
794.000,26237.8
794.500,25873.0
795.000,25508.7
795.500,25197.5
796.000,24965.4
796.500,24850.2
797.000,24878.7
797.500,25013.3
798.000,25250.2
798.500,25570.6
799.000,25916.3
799.500,26237.4
800.000,26489.5
800.500,26643.0
801.000,26696.3
801.500,26602.7
802.000,26390.6
802.500,26098.3
803.000,25747.7
803.500,25390.6
804.000,25070.6
804.500,24819.6
805.000,24685.4
805.500,24674.1
806.000,24768.4
806.500,24984.8
807.000,25275.3
807.500,25604.6
808.000,25933.7
808.500,26199.1
809.000,26392.7
809.500,26481.1
810.000,26434.0
810.500,26286.5
811.000,26041.5
811.500,25716.7
812.000,25357.3
812.500,25034.0
813.000,24748.4
813.500,24547.3
814.000,24449.9
814.500,24486.9
815.000,24614.5
815.500,24847.3
816.000,25147.7
816.500,25455.2
817.000,25766.5
817.500,26002.0
818.000,26172.8
818.500,26230.0
819.000,26170.5
819.500,25998.8
820.000,25756.7
820.500,25432.7
821.000,25093.8
821.500,24762.1
822.000,24491.5
822.500,24305.9
823.000,24210.0
823.500,24233.1
824.000,24358.3
824.500,24580.4
825.000,24850.3
825.500,25156.8
826.000,25459.2
826.500,25701.6
827.000,25878.7
827.500,25948.5
828.000,25906.5
828.500,25770.2
829.000,25550.2
829.500,25256.1
830.000,24917.0
830.500,24594.5
831.000,24302.3
831.500,24082.7
832.000,23956.0
832.500,23923.2
833.000,24006.9
833.500,24173.9
834.000,24426.6
834.500,24703.6
835.000,24999.5
835.500,25259.4
836.000,25479.4
836.500,25603.0
837.000,25630.4
837.500,25555.2
838.000,25392.1
838.500,25132.4
839.000,24833.1
839.500,24521.4
840.000,24200.7
840.500,23931.0
841.000,23739.6
841.500,23625.7
842.000,23624.1
842.500,23714.6
843.000,23885.8
843.500,24116.4
844.000,24397.8
844.500,24679.0
845.000,24921.6
845.500,25122.3
846.000,25235.3
846.500,25267.9
847.000,25208.8
847.500,25046.7
848.000,24814.1
848.500,24525.2
849.000,24224.2
849.500,23913.8
850.000,23638.7
850.500,23423.7
851.000,23296.9
851.500,23266.9
852.000,23327.9
852.500,23462.7
853.000,23679.7
853.500,23923.1
854.000,24191.9
854.500,24444.1
855.000,24657.8
855.500,24815.1
856.000,24879.1
856.500,24860.7
857.000,24752.0
857.500,24566.1
858.000,24296.3
858.500,24005.0
859.000,23702.1
859.500,23417.6
860.000,23181.6
860.500,22992.2
861.000,22896.5
861.500,22886.9
862.000,22957.1
862.500,23111.2
863.000,23327.8
863.500,23567.4
864.000,23822.4
864.500,24067.0
865.000,24259.4
865.500,24393.5
866.000,24451.1
866.500,24419.9
867.000,24317.3
867.500,24120.6
868.000,23862.6
868.500,23594.2
869.000,23313.0
869.500,23025.0
870.000,22780.7
870.500,22600.9
871.000,22485.1
871.500,22464.3
872.000,22518.8
872.500,22642.9
873.000,22839.5
873.500,23055.5
874.000,23295.6
874.500,23527.3
875.000,23739.7
875.500,23876.9
876.000,23961.0
876.500,23972.7
877.000,23890.3
877.500,23732.9
878.000,23523.3
878.500,23261.0
879.000,22995.3
879.500,22708.4
880.000,22459.3
880.500,22245.6
881.000,22098.4
881.500,22019.1
882.000,22013.1
882.500,22086.8
883.000,22224.9
883.500,22416.3
884.000,22628.6
884.500,22858.9
885.000,23074.4
885.500,23260.2
886.000,23393.4
886.500,23465.0
887.000,23452.4
887.500,23366.3
888.000,23221.5
888.500,23005.6
889.000,22763.2
889.500,22491.4
890.000,22222.6
890.500,21970.6
891.000,21766.9
891.500,21611.6
892.000,21530.6
892.500,21514.8
893.000,21565.4
893.500,21686.0
894.000,21859.4
894.500,22059.2
895.000,22276.6
895.500,22484.7
896.000,22668.6
896.500,22803.3
897.000,22885.6
897.500,22905.1
898.000,22857.1
898.500,22737.5
899.000,22559.9
899.500,22335.4
900.000,22085.8
900.500,21826.5
901.000,21566.8
901.500,21345.4
902.000,21166.3
902.500,21044.2
903.000,20975.6
903.500,20996.0
904.000,21052.1
904.500,21184.0
905.000,21350.5
905.500,21544.7
906.000,21749.8
906.500,21935.1
907.000,22118.9
907.500,22233.9
908.000,22301.5
908.500,22314.5
909.000,22259.2
909.500,22128.6
910.000,21956.1
910.500,21754.6
911.000,21515.3
911.500,21264.8
912.000,21016.7
912.500,20800.0
913.000,20626.9
913.500,20492.3
914.000,20427.7
914.500,20412.4
915.000,20462.1
915.500,20568.1
916.000,20714.4
916.500,20892.2
917.000,21089.8
917.500,21269.7
918.000,21435.3
918.500,21570.9
919.000,21654.0
919.500,21686.8
920.000,21657.2
920.500,21566.6
921.000,21419.0
921.500,21237.8
922.000,21027.8
922.500,20791.0
923.000,20546.5
923.500,20327.9
924.000,20125.4
924.500,19976.2
925.000,19863.5
925.500,19804.2
926.000,19819.3
926.500,19869.8
927.000,19978.9
927.500,20121.0
928.000,20290.1
928.500,20464.5
929.000,20637.9
929.500,20797.4
930.000,20916.1
930.500,20986.3
931.000,21014.6
931.500,20985.9
932.000,20917.4
932.500,20774.4
933.000,20596.6
933.500,20389.0
934.000,20177.3
934.500,19948.6
935.000,19728.3
935.500,19529.5
936.000,19365.7
936.500,19252.3
937.000,19176.8
937.500,19163.8
938.000,19203.0
938.500,19279.9
939.000,19398.1
939.500,19552.6
940.000,19709.7
940.500,19875.3
941.000,20027.4
941.500,20155.2
942.000,20257.5
942.500,20297.2
943.000,20305.7
943.500,20253.9
944.000,20155.5
944.500,20018.1
945.000,19842.8
945.500,19636.9
946.000,19432.1
946.500,19213.7
947.000,18996.0
947.500,18822.1
948.000,18671.7
948.500,18564.7
949.000,18500.4
949.500,18489.1
950.000,18519.6
950.500,18596.7
951.000,18707.8
951.500,18849.9
952.000,18997.0
952.500,19143.8
953.000,19290.6
953.500,19416.9
954.000,19501.6
954.500,19555.6
955.000,19554.4
955.500,19523.7
956.000,19443.5
956.500,19317.0
957.000,19164.8
957.500,18974.5
958.000,18777.0
958.500,18565.2
959.000,18368.2
959.500,18178.5
960.000,18028.3
960.500,17904.6
961.000,17825.5
961.500,17785.2
962.000,17784.6
962.500,17838.8
963.000,17918.9
963.500,18033.2
964.000,18163.3
964.500,18301.5
965.000,18436.1
965.500,18566.3
966.000,18674.4
966.500,18738.4
967.000,18783.4
967.500,18783.6
968.000,18743.4
968.500,18656.1
969.000,18538.3
969.500,18377.2
970.000,18204.1
970.500,18008.8
971.000,17822.4
971.500,17631.7
972.000,17456.6
972.500,17303.4
973.000,17188.0
973.500,17097.5
974.000,17053.8
974.500,17043.8
975.000,17084.2
975.500,17148.2
976.000,17235.4
976.500,17355.1
977.000,17494.7
977.500,17615.1
978.000,17731.1
978.500,17831.3
979.000,17910.9
979.500,17968.6
980.000,17985.9
980.500,17963.6
981.000,17895.6
981.500,17792.3
982.000,17672.7
982.500,17515.8
983.000,17340.3
983.500,17155.3
984.000,16970.0
984.500,16799.0
985.000,16634.2
985.500,16506.2
986.000,16400.0
986.500,16321.8
987.000,16288.5
987.500,16285.9
988.000,16322.4
988.500,16375.1
989.000,16468.3
989.500,16568.7
990.000,16682.4
990.500,16803.0
991.000,16913.0
991.500,17011.5
992.000,17085.8
992.500,17132.8
993.000,17142.4
993.500,17127.7
994.000,17071.8
994.500,16987.7
995.000,16872.1
995.500,16734.6
996.000,16576.4
996.500,16409.9
997.000,16234.5
997.500,16056.0
998.000,15903.3
998.500,15763.3
999.000,15653.7
999.500,15562.7
1000.000,15511.8
