"# SPARTA demo dataset (synthetic)","vis_DEMO_glass_8p4_bg_D.001"
400.000,11050.2
400.501,10591.6
401.002,10424.5
401.503,10868.5
402.003,11251.0
402.504,11032.6
403.005,10577.4
403.506,10652.5
404.007,11178.3
404.508,11387.8
405.008,11001.7
405.509,10655.4
406.010,10917.5
406.511,11431.7
407.012,11461.2
407.513,11003.7
408.013,10784.9
408.514,11185.6
409.015,11644.0
409.516,11524.7
410.017,11054.6
410.518,10954.0
411.018,11423.3
411.519,11813.6
412.020,11600.5
412.521,11135.8
413.022,11125.1
413.523,11626.3
414.023,11959.8
414.524,11696.3
415.025,11246.1
415.526,11283.9
416.027,11807.9
416.528,12108.1
417.028,11826.5
417.529,11375.9
418.030,11431.6
418.531,11941.5
419.032,12261.6
419.533,11982.8
420.033,11525.1
420.534,11548.0
421.035,12059.2
421.536,12414.4
422.037,12173.3
422.538,11705.4
423.038,11664.9
423.539,12142.0
424.040,12554.9
424.541,12395.0
425.042,11911.8
425.543,11769.0
426.043,12196.3
426.544,12667.7
427.045,12635.1
427.546,12156.8
428.047,11893.4
428.548,12207.2
429.048,12733.1
429.549,12858.1
430.050,12455.8
430.551,12057.8
431.052,12208.8
431.553,12740.1
432.053,13047.9
432.554,12790.3
433.055,12306.1
433.556,12237.7
434.057,12692.6
434.558,13158.3
435.058,13118.3
435.559,12648.7
436.060,12349.3
436.561,12603.7
437.062,13152.6
437.563,13373.3
438.063,13055.3
438.564,12598.5
439.065,12569.4
439.566,13038.3
440.067,13497.6
440.568,13458.1
441.068,12992.3
441.569,12670.7
442.070,12896.2
442.571,13439.1
443.072,13723.9
443.573,13468.6
444.073,12988.4
444.574,12847.6
445.075,13236.5
445.576,13764.2
446.077,13873.7
446.578,13486.0
447.078,13054.6
447.579,13084.5
448.080,13566.0
448.581,14031.2
449.082,13994.8
449.583,13550.6
450.083,13179.7
450.584,13324.7
451.085,13852.9
451.586,14243.5
452.087,14126.2
452.588,13646.2
453.088,13332.2
453.589,13553.9
454.090,14098.0
454.591,14450.5
455.092,14273.8
455.593,13781.6
456.093,13507.7
456.594,13748.7
457.095,14300.8
457.596,14640.8
458.097,14456.8
458.598,13961.4
459.098,13685.8
459.599,13918.2
460.100,14463.0
460.601,14816.5
461.102,14675.5
461.603,14182.4
462.104,13867.2
462.604,14050.9
463.105,14594.0
463.606,15004.4
464.107,14918.2
464.608,14449.3
465.109,14076.5
465.609,14165.6
466.110,14664.2
466.611,15143.3
467.112,15180.3
467.613,14770.6
468.114,14325.6
468.614,14273.7
469.115,14702.7
469.616,15233.6
470.117,15422.8
470.618,15122.7
471.119,14638.6
471.619,14422.5
472.120,14700.8
472.621,15257.8
473.122,15619.9
473.623,15498.8
474.124,15025.8
474.624,14638.8
475.125,14720.3
475.626,15201.4
476.127,15704.8
476.628,15822.6
477.129,15481.3
477.629,14995.8
478.130,14807.8
478.631,15101.9
479.132,15659.5
479.633,16027.2
480.134,15932.6
480.634,15476.1
481.135,15067.0
481.636,15058.0
482.137,15504.0
482.638,16046.2
483.139,16261.9
483.639,16018.3
484.140,15520.1
484.641,15209.2
485.142,15357.4
485.643,15863.9
486.144,16358.0
486.644,16463.0
487.145,16120.9
487.646,15630.9
488.147,15400.5
488.648,15633.1
489.149,16181.2
489.649,16630.8
490.150,16655.7
490.651,16273.0
491.152,15791.6
491.653,15611.6
492.154,15891.0
492.654,16443.3
493.155,16866.7
493.656,16873.3
494.157,16467.9
494.658,15990.4
495.159,15821.8
495.659,16101.0
496.160,16644.1
496.661,17084.2
497.162,17102.7
497.663,16718.7
498.164,16236.4
498.664,16023.9
499.165,16264.3
499.666,16794.3
500.167,17275.1
500.668,17358.2
501.169,17032.8
501.669,16532.9
502.170,16247.4
502.671,16398.3
503.172,16901.4
503.673,17413.6
504.174,17616.3
504.674,17370.2
505.175,16886.1
505.676,16511.0
506.177,16526.4
506.678,16940.5
507.179,17494.2
507.679,17827.5
508.180,17742.3
508.681,17298.5
509.182,16838.8
509.683,16682.9
510.184,16952.6
510.684,17490.8
511.185,17961.0
511.686,18075.2
512.187,17785.7
512.688,17281.4
513.189,16924.9
513.689,16988.1
514.190,17410.9
514.691,17970.3
515.192,18299.0
515.693,18236.7
516.194,17818.7
516.694,17330.9
517.195,17124.9
517.696,17328.5
518.197,17844.6
518.698,18357.7
519.199,18579.8
519.699,18366.7
520.200,17902.3
520.701,17466.4
521.202,17365.6
521.703,17664.6
522.204,18206.2
522.705,18686.1
523.205,18813.5
523.706,18536.5
524.207,18062.2
524.708,17653.3
525.209,17606.7
525.710,17958.4
526.210,18505.5
526.711,18956.3
527.212,19046.7
527.713,18764.4
528.214,18270.0
528.715,17887.6
529.215,17844.5
529.716,18189.8
530.217,18749.8
530.718,19194.5
531.219,19306.8
531.720,19032.5
532.220,18557.4
532.721,18140.0
533.222,18062.1
533.723,18380.2
534.224,18921.0
534.725,19407.1
535.225,19582.3
535.726,19359.0
536.227,18897.0
536.728,18452.7
537.229,18286.7
537.730,18510.0
538.230,19017.8
538.731,19552.3
539.232,19827.9
539.733,19722.2
540.234,19306.8
540.735,18819.9
541.235,18536.6
541.736,18631.1
542.237,19054.8
542.738,19612.0
543.239,20016.4
543.740,20074.6
544.240,19768.7
544.741,19279.3
545.242,18878.7
545.743,18780.6
546.244,19050.3
546.745,19565.1
547.245,20086.6
547.746,20350.6
548.247,20241.7
548.748,19824.1
549.249,19337.2
549.750,19033.3
550.250,19072.7
550.751,19464.8
551.252,20016.4
551.753,20470.8
552.254,20614.9
552.755,20392.6
553.255,19946.5
553.756,19474.4
554.257,19254.0
554.758,19390.1
555.259,19836.6
555.760,20385.5
556.260,20784.6
556.761,20874.8
557.262,20610.3
557.763,20125.6
558.264,19693.8
558.765,19497.6
559.265,19667.7
559.766,20124.0
560.267,20673.6
560.768,21067.8
561.269,21132.3
561.770,20860.3
562.270,20392.1
562.771,19951.3
563.272,19752.9
563.773,19892.8
564.274,20345.8
564.775,20876.7
565.275,21295.0
565.776,21411.5
566.277,21176.3
566.778,20715.7
567.279,20262.0
567.780,19996.8
568.280,20091.4
568.781,20492.1
569.282,21024.8
569.783,21481.7
570.284,21678.7
570.785,21537.8
571.285,21130.9
571.786,20641.5
572.287,20302.3
572.788,20271.3
573.289,20566.7
573.790,21067.5
574.290,21589.9
574.791,21911.0
575.292,21912.5
575.793,21609.0
576.294,21126.2
576.795,20694.2
577.295,20493.6
577.796,20623.1
578.297,21043.8
578.798,21583.3
579.299,22030.0
579.800,22226.0
580.301,22078.0
580.801,21680.5
581.302,21207.2
581.803,20835.9
582.304,20754.0
582.805,20981.6
583.306,21465.8
583.806,21988.8
584.307,22383.6
584.808,22485.1
585.309,22263.1
585.810,21830.6
586.311,21357.8
586.811,21047.2
587.312,21020.2
587.813,21296.7
588.314,21793.0
588.815,22318.4
589.316,22671.0
589.816,22740.2
590.317,22512.3
590.818,22064.5
591.319,21594.7
591.820,21293.4
592.321,21262.7
592.821,21554.2
593.322,22027.2
593.823,22553.0
594.324,22923.3
594.825,23019.8
595.326,22801.9
595.826,22378.2
596.327,21901.0
596.828,21561.4
597.329,21508.9
597.830,21728.6
598.331,22188.4
598.831,22714.6
599.332,23137.1
599.833,23292.9
600.334,23153.8
600.835,22768.9
601.336,22287.4
601.836,21895.5
602.337,21735.2
602.838,21866.9
603.339,22253.8
603.840,22774.9
604.341,23253.4
604.841,23531.0
605.342,23509.5
605.843,23220.9
606.344,22772.3
606.845,22321.5
607.346,22019.0
607.846,21995.9
608.347,22262.8
608.848,22731.0
609.349,23255.8
609.850,23655.1
610.351,23810.6
610.851,23695.7
611.352,23323.7
611.853,22860.5
612.354,22437.0
612.855,22230.8
613.356,22288.8
613.856,22618.7
614.357,23106.7
614.858,23614.5
615.359,23973.4
615.860,24070.2
616.361,23892.9
616.861,23504.4
617.362,23037.7
617.863,22636.9
618.364,22454.3
618.865,22552.0
619.366,22902.7
619.866,23400.8
620.367,23884.8
620.868,24229.7
621.369,24327.1
621.870,24152.5
622.371,23764.6
622.871,23295.9
623.372,22905.1
623.873,22704.9
624.374,22765.6
624.875,23080.8
625.376,23556.6
625.876,24065.5
626.377,24436.2
626.878,24596.6
627.379,24458.2
627.880,24109.8
628.381,23639.5
628.881,23227.1
629.382,22969.2
629.883,22950.9
630.384,23194.2
630.885,23630.3
631.386,24135.0
631.886,24568.9
632.387,24809.9
632.888,24781.1
633.389,24517.7
633.890,24098.8
634.391,23635.2
634.891,23273.8
635.392,23141.0
635.893,23260.0
636.394,23620.4
636.895,24095.3
637.396,24577.7
637.896,24936.1
638.397,25063.0
638.898,24952.4
639.399,24615.2
639.900,24166.8
640.401,23725.4
640.902,23441.3
641.402,23378.3
641.903,23570.8
642.404,23964.3
642.905,24441.7
643.406,24889.6
643.907,25210.0
644.407,25305.7
644.908,25137.2
645.409,24782.8
645.910,24320.4
646.411,23910.7
646.912,23638.5
647.412,23597.0
647.913,23792.5
648.414,24184.9
648.915,24673.1
649.416,25130.5
649.917,25438.2
650.417,25528.6
650.918,25385.8
651.419,25023.8
651.920,24588.4
652.421,24169.7
652.922,23868.8
653.422,23797.3
653.923,23949.2
654.424,24315.3
654.925,24783.9
655.426,25250.2
655.927,25599.9
656.427,25750.6
656.928,25658.0
657.429,25364.2
657.930,24939.4
658.431,24500.0
658.932,24146.4
659.432,23990.5
659.933,24058.7
660.434,24341.7
660.935,24780.2
661.436,25260.4
661.937,25661.4
662.437,25914.1
662.938,25953.2
663.439,25737.3
663.940,25379.8
664.441,24944.7
664.942,24527.1
665.442,24249.1
665.943,24176.7
666.444,24331.5
666.945,24670.5
667.446,25121.1
667.947,25593.9
668.447,25954.2
668.948,26150.5
669.449,26116.4
669.950,25870.3
670.451,25482.4
670.952,25037.3
671.452,24646.5
671.953,24411.1
672.454,24361.0
672.955,24537.4
673.456,24900.0
673.957,25344.9
674.457,25813.0
674.958,26161.1
675.459,26348.9
675.960,26301.6
676.461,26057.0
676.962,25672.7
677.462,25244.6
677.963,24845.0
678.464,24597.1
678.965,24535.9
679.466,24676.5
679.967,25008.8
680.467,25440.5
680.968,25895.0
681.469,26272.6
681.970,26497.4
682.471,26499.5
682.972,26327.4
683.472,25967.2
683.973,25551.5
684.474,25131.4
684.975,24831.5
685.476,24687.5
685.977,24753.9
686.477,25011.1
686.978,25411.4
687.479,25853.1
687.980,26279.2
688.481,26572.2
688.982,26692.3
689.482,26595.2
689.983,26338.4
690.484,25928.3
690.985,25511.5
691.486,25128.7
691.987,24894.2
692.487,24825.3
692.988,24973.0
693.489,25273.4
693.990,25683.4
694.491,26135.9
694.992,26515.3
695.492,26758.7
695.993,26826.6
696.494,26705.3
696.995,26411.6
697.496,26006.0
697.997,25587.0
698.497,25229.0
698.998,25006.9
699.499,24964.3
700.000,25106.2
