"# SPARTA demo dataset (synthetic)","vis_DEMO_glass_20p1_s.002"
700.500,13359.0
701.000,13614.0
701.500,13990.4
702.000,14478.4
702.500,15011.0
703.000,15524.3
703.500,15976.4
704.000,16286.0
704.500,16444.8
705.000,16416.9
705.500,16240.2
706.000,15949.4
706.500,15617.4
707.000,15298.0
707.500,15056.7
708.000,14945.7
708.500,14975.2
709.000,15162.3
709.500,15479.1
710.000,15902.8
710.500,16352.4
711.000,16801.0
711.500,17195.9
712.000,17495.6
712.500,17696.7
713.000,17797.0
713.500,17824.2
714.000,17797.4
714.500,17738.6
715.000,17661.0
715.500,17609.3
716.000,17575.3
716.500,17548.1
717.000,17543.4
717.500,17536.8
718.000,17531.4
718.500,17528.9
719.000,17540.3
719.500,17564.0
720.000,17643.1
720.500,17788.0
721.000,18008.9
721.500,18312.5
722.000,18688.1
722.500,19096.1
723.000,19504.8
723.500,19859.1
724.000,20119.2
724.500,20253.8
725.000,20232.9
725.500,20058.0
726.000,19739.0
726.500,19331.4
727.000,18912.1
727.500,18521.1
728.000,18229.6
728.500,18087.1
729.000,18133.6
729.500,18372.9
730.000,18779.1
730.500,19302.0
731.000,19910.9
731.500,20515.0
732.000,21030.6
732.500,21441.3
733.000,21668.3
733.500,21711.3
734.000,21581.6
734.500,21317.7
735.000,20953.4
735.500,20560.4
736.000,20187.6
736.500,19888.8
737.000,19686.1
737.500,19621.6
738.000,19669.9
738.500,19817.3
739.000,20047.9
739.500,20323.6
740.000,20609.3
740.500,20886.3
741.000,21124.9
741.500,21329.9
742.000,21494.6
742.500,21623.0
743.000,21723.0
743.500,21829.5
744.000,21910.7
744.500,21989.1
745.000,22039.0
745.500,22061.1
746.000,22033.0
746.500,21939.1
747.000,21786.2
747.500,21575.0
748.000,21316.3
748.500,21043.2
749.000,20789.2
749.500,20585.2
750.000,20475.9
750.500,20503.6
751.000,20656.8
751.500,20955.3
752.000,21367.9
752.500,21879.1
753.000,22413.7
753.500,22924.8
754.000,23352.8
754.500,23651.5
755.000,23784.6
755.500,23715.8
756.000,23492.4
756.500,23108.1
757.000,22608.2
757.500,22054.9
758.000,21526.1
758.500,21071.6
759.000,20755.8
759.500,20600.2
760.000,20621.1
760.500,20826.2
761.000,21164.7
761.500,21615.0
762.000,22137.3
762.500,22640.6
763.000,23095.7
763.500,23449.5
764.000,23690.1
764.500,23799.9
765.000,23780.5
765.500,23654.0
766.000,23436.8
766.500,23170.6
767.000,22901.7
767.500,22639.4
768.000,22413.9
768.500,22238.7
769.000,22127.1
769.500,22056.7
770.000,22024.7
770.500,22022.3
771.000,22038.2
771.500,22062.5
772.000,22110.0
772.500,22166.7
773.000,22231.2
773.500,22321.6
774.000,22457.9
774.500,22627.3
775.000,22841.0
775.500,23097.4
776.000,23355.3
776.500,23618.9
777.000,23842.0
777.500,24006.4
778.000,24084.7
778.500,24054.1
779.000,23903.4
779.500,23646.7
780.000,23293.3
780.500,22871.5
781.000,22410.2
781.500,21969.1
782.000,21590.1
782.500,21327.0
783.000,21179.9
783.500,21206.8
784.000,21397.1
784.500,21719.7
785.000,22172.9
785.500,22692.7
786.000,23250.8
786.500,23773.9
787.000,24220.4
787.500,24534.0
788.000,24716.6
788.500,24724.1
789.000,24580.9
789.500,24288.2
790.000,23880.8
790.500,23406.8
791.000,22914.1
791.500,22434.1
792.000,22032.3
792.500,21737.3
793.000,21549.0
793.500,21500.3
794.000,21565.2
794.500,21721.9
795.000,21985.0
795.500,22280.8
796.000,22612.8
796.500,22914.5
797.000,23188.7
797.500,23407.9
798.000,23568.1
798.500,23667.3
799.000,23715.1
799.500,23702.7
800.000,23664.7
800.500,23600.2
801.000,23527.2
801.500,23428.9
802.000,23347.8
802.500,23263.2
803.000,23164.7
803.500,23055.5
804.000,22927.4
804.500,22779.2
805.000,22582.2
805.500,22410.3
806.000,22221.1
806.500,22030.3
807.000,21862.5
807.500,21769.5
808.000,21731.6
808.500,21761.6
809.000,21888.8
809.500,22108.7
810.000,22405.2
810.500,22749.2
811.000,23128.3
811.500,23518.0
812.000,23857.7
812.500,24149.6
813.000,24328.5
813.500,24395.6
814.000,24338.8
814.500,24144.7
815.000,23826.0
815.500,23421.3
816.000,22943.2
816.500,22444.4
817.000,21956.1
817.500,21515.4
818.000,21168.1
818.500,20939.4
819.000,20852.8
819.500,20900.6
820.000,21088.3
820.500,21394.1
821.000,21782.7
821.500,22221.3
822.000,22679.1
822.500,23115.6
823.000,23496.6
823.500,23796.1
824.000,23985.0
824.500,24059.1
825.000,24012.1
825.500,23876.7
826.000,23648.7
826.500,23350.4
827.000,23027.0
827.500,22680.9
828.000,22359.1
828.500,22059.8
829.000,21823.6
829.500,21646.8
830.000,21540.4
830.500,21488.1
831.000,21487.9
831.500,21538.0
832.000,21617.0
832.500,21706.8
833.000,21810.8
833.500,21913.4
834.000,22005.7
834.500,22092.6
835.000,22195.8
835.500,22278.6
836.000,22361.4
836.500,22459.8
837.000,22553.1
837.500,22659.8
838.000,22774.2
838.500,22885.1
839.000,22966.2
839.500,23033.7
840.000,23071.6
840.500,23048.1
841.000,22966.0
841.500,22830.4
842.000,22622.5
842.500,22363.7
843.000,22070.8
843.500,21743.3
844.000,21404.2
844.500,21089.7
845.000,20819.5
845.500,20600.7
846.000,20468.3
846.500,20440.4
847.000,20505.8
847.500,20674.2
848.000,20928.9
848.500,21267.7
849.000,21658.8
849.500,22067.4
850.000,22475.3
850.500,22842.9
851.000,23138.3
851.500,23361.1
852.000,23475.1
852.500,23475.3
853.000,23342.7
853.500,23115.4
854.000,22800.0
854.500,22406.3
855.000,21983.3
855.500,21533.4
856.000,21106.4
856.500,20717.7
857.000,20396.7
857.500,20172.7
858.000,20035.7
858.500,20002.5
859.000,20061.1
859.500,20210.0
860.000,20415.7
860.500,20703.1
861.000,20995.6
861.500,21291.8
862.000,21585.4
862.500,21840.8
863.000,22033.9
863.500,22191.8
864.000,22279.0
864.500,22309.8
865.000,22278.6
865.500,22206.2
866.000,22094.0
866.500,21947.9
867.000,21795.8
867.500,21634.8
868.000,21472.9
868.500,21326.1
869.000,21189.9
869.500,21076.2
870.000,20953.5
870.500,20858.6
871.000,20761.1
871.500,20667.5
872.000,20585.1
872.500,20492.5
873.000,20401.9
873.500,20321.6
874.000,20237.9
874.500,20190.0
875.000,20146.7
875.500,20150.8
876.000,20170.4
876.500,20248.6
877.000,20358.4
877.500,20509.5
878.000,20698.8
878.500,20920.9
879.000,21139.6
879.500,21362.1
880.000,21571.3
880.500,21745.9
881.000,21877.2
881.500,21941.4
882.000,21944.0
882.500,21856.5
883.000,21712.3
883.500,21487.4
884.000,21205.6
884.500,20864.6
885.000,20502.0
885.500,20118.0
886.000,19747.3
886.500,19412.3
887.000,19130.5
887.500,18917.5
888.000,18777.3
888.500,18723.9
889.000,18780.1
889.500,18916.9
890.000,19116.6
890.500,19391.9
891.000,19718.6
891.500,20067.5
892.000,20419.0
892.500,20747.0
893.000,21043.3
893.500,21282.4
894.000,21449.0
894.500,21539.8
895.000,21539.7
895.500,21474.1
896.000,21317.7
896.500,21106.0
897.000,20830.7
897.500,20545.5
898.000,20218.3
898.500,19899.8
899.000,19596.6
899.500,19323.1
900.000,19094.2
900.500,18921.6
901.000,18787.6
901.500,18712.2
902.000,18697.7
902.500,18725.1
903.000,18790.3
903.500,18888.9
904.000,19001.2
904.500,19126.2
905.000,19265.0
905.500,19380.0
906.000,19493.0
906.500,19583.4
907.000,19663.9
907.500,19737.4
908.000,19783.7
908.500,19806.4
909.000,19825.1
909.500,19841.1
910.000,19852.9
910.500,19846.3
911.000,19850.4
911.500,19839.4
912.000,19832.9
912.500,19807.3
913.000,19781.4
913.500,19732.0
914.000,19665.2
914.500,19565.1
915.000,19451.8
915.500,19315.8
916.000,19158.4
916.500,18964.3
917.000,18779.1
917.500,18567.1
918.000,18368.0
918.500,18181.4
919.000,18012.0
919.500,17868.5
920.000,17766.0
920.500,17721.1
921.000,17715.4
921.500,17767.0
922.000,17867.3
922.500,18028.2
923.000,18228.7
923.500,18454.0
924.000,18698.0
924.500,18972.7
925.000,19212.4
925.500,19439.3
926.000,19642.7
926.500,19783.5
927.000,19877.4
927.500,19907.8
928.000,19861.3
928.500,19756.0
929.000,19586.4
929.500,19357.8
930.000,19081.9
930.500,18772.5
931.000,18441.9
931.500,18099.2
932.000,17776.3
932.500,17477.9
933.000,17212.8
933.500,16995.1
934.000,16835.2
934.500,16740.5
935.000,16710.0
935.500,16746.8
936.000,16826.9
936.500,16982.9
937.000,17161.2
937.500,17378.8
938.000,17603.5
938.500,17842.0
939.000,18065.7
939.500,18283.1
940.000,18450.8
940.500,18594.2
941.000,18694.1
941.500,18749.7
942.000,18761.9
942.500,18729.5
943.000,18651.4
943.500,18533.7
944.000,18390.9
944.500,18230.2
945.000,18061.0
945.500,17885.5
946.000,17704.9
946.500,17539.6
947.000,17385.7
947.500,17251.9
948.000,17125.4
948.500,17021.2
949.000,16933.8
949.500,16870.1
950.000,16817.0
950.500,16776.2
951.000,16737.5
951.500,16722.4
952.000,16704.4
952.500,16683.7
953.000,16676.8
953.500,16665.8
954.000,16663.5
954.500,16657.5
955.000,16664.7
955.500,16677.2
956.000,16700.2
956.500,16741.1
957.000,16792.0
957.500,16851.4
958.000,16917.2
958.500,17004.1
959.000,17097.7
959.500,17178.3
960.000,17280.3
960.500,17362.3
961.000,17433.2
961.500,17497.4
962.000,17523.8
962.500,17523.4
963.000,17491.7
963.500,17428.9
964.000,17329.9
964.500,17192.2
965.000,17012.1
965.500,16815.4
966.000,16598.2
966.500,16361.9
967.000,16124.0
967.500,15889.9
968.000,15671.4
968.500,15460.3
969.000,15274.9
969.500,15139.2
970.000,15034.6
970.500,14980.7
971.000,14975.0
971.500,15012.2
972.000,15102.5
972.500,15234.3
973.000,15397.5
973.500,15586.3
974.000,15788.5
974.500,16019.9
975.000,16231.1
975.500,16430.8
976.000,16627.5
976.500,16776.1
977.000,16897.1
977.500,16975.3
978.000,17000.1
978.500,16984.3
979.000,16915.8
979.500,16809.9
980.000,16653.5
980.500,16479.7
981.000,16263.9
981.500,16024.2
982.000,15782.4
982.500,15550.3
983.000,15302.5
983.500,15078.5
984.000,14877.1
984.500,14703.2
985.000,14558.5
985.500,14456.0
986.000,14382.8
986.500,14343.6
987.000,14338.5
987.500,14374.4
988.000,14435.3
988.500,14507.1
989.000,14601.0
989.500,14702.1
990.000,14811.8
990.500,14928.1
991.000,15031.8
991.500,15125.3
992.000,15201.8
992.500,15267.9
993.000,15317.4
993.500,15350.7
994.000,15357.0
994.500,15368.1
995.000,15345.2
995.500,15319.8
996.000,15278.3
996.500,15233.0
997.000,15178.1
997.500,15117.2
998.000,15061.6
998.500,15001.0
999.000,14938.8
999.500,14878.4
1000.000,14810.5
