"# SPARTA demo dataset (synthetic)","vis_DEMO_glass_12p8_s.001"
400.000,547.8
400.501,563.7
401.002,563.0
401.503,542.1
402.003,534.2
402.504,552.0
403.005,569.1
403.506,571.5
404.007,550.4
404.508,548.6
405.008,552.5
405.509,559.3
406.010,560.7
406.511,571.1
407.012,565.4
407.513,549.2
408.013,546.1
408.514,559.0
409.015,582.9
409.516,572.8
410.017,554.3
410.518,551.6
411.018,558.6
411.519,571.2
412.020,577.0
412.521,569.0
413.022,566.9
413.523,560.6
414.023,558.1
414.524,563.4
415.025,578.5
415.526,587.3
416.027,564.1
416.528,557.2
417.028,558.0
417.529,574.5
418.030,585.6
418.531,575.8
419.032,570.8
419.533,566.6
420.033,568.1
420.534,574.8
421.035,579.0
421.536,589.1
422.037,583.8
422.538,569.4
423.038,561.8
423.539,567.8
424.040,593.3
424.541,601.5
425.042,581.9
425.543,565.9
426.043,566.2
426.544,576.0
427.045,588.5
427.546,592.7
428.047,591.9
428.548,586.5
429.048,579.5
429.549,570.8
430.050,582.9
430.551,595.7
431.052,605.2
431.553,594.1
432.053,579.3
432.554,566.8
433.055,581.9
433.556,601.4
434.057,609.1
434.558,591.5
435.058,589.4
435.559,584.7
436.060,587.5
436.561,590.6
437.062,596.7
437.563,604.9
438.063,610.1
438.564,597.4
439.065,576.8
439.566,578.7
440.067,602.9
440.568,616.9
441.068,616.4
441.569,606.0
442.070,587.8
442.571,587.0
443.072,597.7
443.573,610.6
444.073,614.9
444.574,614.4
445.075,611.1
445.576,601.6
446.077,597.9
446.578,593.6
447.078,601.7
447.579,618.3
448.080,632.4
448.581,619.9
449.082,599.7
449.583,590.5
450.083,600.6
450.584,618.4
451.085,625.2
451.586,629.7
452.087,610.9
452.588,608.5
453.088,606.8
453.589,605.4
454.090,612.5
454.591,617.3
455.092,636.3
455.593,637.1
456.093,626.2
456.594,607.9
457.095,599.4
457.596,612.8
458.097,633.6
458.598,644.7
459.098,639.5
459.599,616.4
460.100,607.8
460.601,610.9
461.102,626.2
461.603,636.1
462.104,636.0
462.604,642.2
463.105,638.5
463.606,634.1
464.107,622.8
464.608,619.3
465.109,621.4
465.609,638.1
466.110,654.3
466.611,656.8
467.112,646.1
467.613,623.8
468.114,610.4
468.614,625.9
469.115,646.8
469.616,660.1
470.117,658.8
470.618,646.7
471.119,641.4
471.619,637.6
472.120,634.8
472.621,643.3
473.122,644.3
473.623,652.9
474.124,666.0
474.624,667.7
475.125,658.7
475.626,635.0
476.127,628.2
476.628,642.3
477.129,656.5
477.629,674.6
478.130,678.7
478.631,662.7
479.132,644.5
479.633,635.9
480.134,645.9
480.634,654.9
481.135,668.7
481.636,670.8
482.137,669.1
482.638,671.6
483.139,662.9
483.639,663.4
484.140,655.7
484.641,642.6
485.142,657.3
485.643,674.2
486.144,691.5
486.644,691.9
487.145,676.1
487.646,655.1
488.147,646.5
488.648,654.4
489.149,682.0
489.649,688.3
490.150,697.0
490.651,693.1
491.152,682.3
491.653,673.2
492.154,673.7
492.654,674.3
493.155,673.0
493.656,675.7
494.157,693.9
494.658,701.2
495.159,707.0
495.659,698.6
496.160,686.4
496.661,671.4
497.162,668.4
497.663,677.0
498.164,702.4
498.664,726.0
499.165,718.9
499.666,706.7
500.167,691.4
500.668,679.5
501.169,682.2
501.669,694.9
502.170,707.4
502.671,719.1
503.172,720.0
503.673,720.2
504.174,719.6
504.674,716.5
505.175,707.3
505.676,699.2
506.177,691.1
506.678,705.9
507.179,721.6
507.679,741.9
508.180,750.8
508.681,741.6
509.182,720.4
509.683,701.9
510.184,696.1
510.684,708.4
511.185,731.8
511.686,753.0
512.187,760.7
512.688,747.4
513.189,738.9
513.689,730.1
514.190,727.1
514.691,731.8
515.192,733.8
515.693,738.7
516.194,738.9
516.694,753.9
517.195,766.6
517.696,773.1
518.197,769.1
518.698,753.9
519.199,733.7
519.699,731.5
520.200,737.9
520.701,763.6
521.202,787.6
521.703,803.0
522.204,796.9
522.705,779.6
523.205,763.3
523.706,749.6
524.207,752.6
524.708,768.9
525.209,784.6
525.710,792.6
526.210,803.1
526.711,801.7
527.212,803.7
527.713,803.2
528.214,799.5
528.715,792.5
529.215,785.0
529.716,776.7
530.217,793.6
530.718,802.7
531.219,834.5
531.720,854.1
532.220,851.8
532.721,834.0
533.222,811.2
533.723,792.1
534.224,792.6
534.725,812.1
535.225,842.6
535.726,865.3
536.227,876.8
536.728,874.9
537.229,864.1
537.730,855.6
538.230,846.0
538.731,844.9
539.232,850.6
539.733,856.5
540.234,867.1
540.735,874.5
541.235,885.0
541.736,909.9
542.237,922.4
542.738,919.4
543.239,904.5
543.740,882.6
544.240,869.5
544.741,869.4
545.242,887.6
545.743,920.2
546.244,955.5
546.745,977.5
547.245,974.7
547.746,958.9
548.247,932.2
548.748,917.0
549.249,922.2
549.750,937.3
550.250,952.3
550.751,984.4
551.252,994.6
551.753,1002.8
552.254,1010.5
552.755,1022.3
553.255,1024.0
553.756,1025.7
554.257,1011.1
554.758,1005.6
555.259,992.2
555.760,1002.1
556.260,1019.0
556.761,1057.0
557.262,1093.3
557.763,1128.4
558.264,1133.2
558.765,1120.9
559.265,1087.6
559.766,1057.7
560.267,1053.8
560.768,1067.6
561.269,1104.1
561.770,1148.0
562.270,1188.0
562.771,1208.1
563.272,1215.8
563.773,1200.5
564.274,1194.5
564.775,1184.0
565.275,1189.1
565.776,1194.1
566.277,1210.8
566.778,1217.0
567.279,1239.3
567.780,1258.4
568.280,1296.1
568.781,1330.3
569.282,1362.5
569.783,1374.8
570.284,1360.9
570.785,1338.4
571.285,1314.1
571.786,1299.3
572.287,1315.1
572.788,1360.0
573.289,1423.5
573.790,1489.5
574.290,1543.8
574.791,1553.7
575.292,1539.3
575.793,1511.3
576.294,1481.7
576.795,1473.5
577.295,1490.8
577.796,1527.0
578.297,1579.4
578.798,1625.5
579.299,1663.8
579.800,1699.4
580.301,1723.8
580.801,1744.9
581.302,1764.7
581.803,1778.2
582.304,1781.7
582.805,1775.3
583.306,1766.2
583.806,1765.2
584.307,1782.4
584.808,1833.3
585.309,1920.7
585.810,2007.4
586.311,2088.1
586.811,2141.5
587.312,2145.2
587.813,2114.4
588.314,2059.9
588.815,2021.2
589.316,2017.5
589.816,2071.2
590.317,2154.5
590.818,2262.9
591.319,2371.3
591.820,2442.1
592.321,2487.1
592.821,2488.8
593.322,2483.3
593.823,2477.9
594.324,2483.7
594.825,2506.4
595.326,2538.5
595.826,2574.7
596.327,2618.5
596.828,2673.4
597.329,2739.6
597.830,2827.5
598.331,2926.0
598.831,3029.6
599.332,3120.2
599.833,3164.3
600.334,3166.8
600.835,3121.9
601.336,3059.9
601.836,3024.6
602.337,3046.4
602.838,3136.8
603.339,3292.4
603.840,3488.1
604.341,3675.4
604.841,3807.3
605.342,3874.6
605.843,3864.9
606.344,3812.8
606.845,3747.7
607.346,3715.6
607.846,3743.6
608.347,3824.4
608.848,3950.6
609.349,4099.2
609.850,4240.2
610.351,4366.5
610.851,4473.3
611.352,4560.0
611.853,4641.0
612.354,4720.2
612.855,4786.4
613.356,4831.2
613.856,4853.3
614.357,4846.2
614.858,4822.6
615.359,4821.9
615.860,4877.7
616.361,5015.9
616.861,5228.1
617.362,5498.1
617.863,5769.4
618.364,5992.2
618.865,6108.3
619.366,6110.8
619.866,6013.2
620.367,5879.1
620.868,5763.2
621.369,5728.0
621.870,5813.2
622.371,6029.1
622.871,6320.8
623.372,6638.0
623.873,6919.8
624.374,7123.8
624.875,7228.5
625.376,7261.2
625.876,7237.5
626.377,7221.5
626.878,7216.5
627.379,7257.1
627.880,7323.8
628.381,7414.3
628.881,7513.7
629.382,7620.0
629.883,7749.2
630.384,7917.6
630.885,8139.0
631.386,8406.1
631.886,8688.9
632.387,8949.7
632.888,9130.7
633.389,9199.3
633.890,9138.9
634.391,8981.6
634.891,8791.2
635.392,8648.0
635.893,8641.0
636.394,8802.7
636.895,9131.7
637.396,9590.4
637.896,10088.5
638.397,10517.7
638.898,10807.5
639.399,10910.0
639.900,10853.3
640.401,10674.9
640.902,10452.7
641.402,10290.5
641.903,10238.6
642.404,10327.4
642.905,10542.2
643.406,10823.5
643.907,11152.5
644.407,11453.5
644.908,11708.1
645.409,11908.7
645.910,12078.4
646.411,12222.4
646.912,12362.7
647.412,12490.2
647.913,12573.8
648.414,12602.1
648.915,12568.2
649.416,12452.5
649.917,12318.4
650.417,12219.6
650.918,12227.9
651.419,12382.3
651.920,12718.6
652.421,13205.8
652.922,13757.9
653.422,14281.6
653.923,14683.2
654.424,14863.0
654.925,14811.7
655.426,14551.8
655.927,14168.2
656.427,13770.0
656.928,13490.8
657.429,13410.5
657.930,13563.2
658.431,13937.0
658.932,14463.2
659.432,15026.5
659.933,15537.3
660.434,15913.5
660.935,16108.6
661.436,16138.0
661.937,16054.9
662.437,15903.1
662.938,15756.4
663.439,15662.1
663.940,15621.4
664.441,15628.6
664.942,15680.1
665.442,15757.4
665.943,15831.7
666.444,15930.9
666.945,16077.8
667.446,16302.7
667.947,16606.5
668.447,16996.7
668.948,17420.4
669.449,17808.4
669.950,18077.0
670.451,18183.8
670.952,18079.4
671.452,17783.2
671.953,17354.6
672.454,16911.2
672.955,16538.6
673.456,16370.3
673.957,16468.4
674.457,16826.8
674.958,17418.3
675.459,18121.8
675.960,18817.0
676.461,19358.4
676.962,19684.8
677.462,19744.3
677.963,19531.9
678.464,19158.2
678.965,18695.7
679.466,18277.4
679.967,17969.5
680.467,17855.6
680.968,17912.5
681.469,18153.0
681.970,18487.7
682.471,18866.7
682.972,19214.4
683.472,19505.3
683.973,19721.5
684.474,19890.8
684.975,20014.4
685.476,20119.6
685.977,20223.0
686.477,20298.3
686.978,20324.6
687.479,20269.6
687.980,20120.0
688.481,19885.3
688.982,19581.8
689.482,19282.2
689.983,19064.4
690.484,18992.0
690.985,19122.6
691.486,19462.0
691.987,19999.8
692.487,20637.3
692.988,21291.1
693.489,21828.5
693.990,22170.2
694.491,22227.6
694.992,22003.2
695.492,21548.5
695.993,20943.9
696.494,20319.9
696.995,19790.0
697.496,19468.0
697.997,19405.2
698.497,19627.7
698.998,20068.9
699.499,20660.1
700.000,21279.3
