"# SPARTA demo dataset (synthetic)","vis_DEMO_glass_12p8.002"
700.500,341.0
701.000,338.1
701.500,337.6
702.000,339.7
702.500,342.3
703.000,341.5
703.500,338.2
704.000,338.7
704.500,344.2
705.000,340.3
705.500,338.4
706.000,341.5
706.500,335.9
707.000,340.6
707.500,339.3
708.000,344.5
708.500,336.1
709.000,339.5
709.500,340.0
710.000,338.4
710.500,340.5
711.000,340.6
711.500,339.6
712.000,344.9
712.500,336.6
713.000,342.3
713.500,345.6
714.000,336.8
714.500,344.6
715.000,340.3
715.500,341.8
716.000,342.1
716.500,340.8
717.000,337.6
717.500,338.7
718.000,338.2
718.500,335.7
719.000,343.7
719.500,347.0
720.000,336.4
720.500,339.3
721.000,340.2
721.500,342.6
722.000,342.7
722.500,337.0
723.000,338.2
723.500,334.4
724.000,338.6
724.500,337.7
725.000,340.1
725.500,342.4
726.000,340.3
726.500,338.1
727.000,340.5
727.500,341.8
728.000,340.1
728.500,340.1
729.000,340.7
729.500,342.2
730.000,338.5
730.500,341.1
731.000,341.7
731.500,342.5
732.000,344.8
732.500,341.6
733.000,339.9
733.500,344.2
734.000,338.0
734.500,340.2
735.000,338.2
735.500,341.9
736.000,338.4
736.500,338.8
737.000,338.1
737.500,341.2
738.000,338.3
738.500,337.9
739.000,338.1
739.500,342.0
740.000,340.0
740.500,337.8
741.000,339.8
741.500,339.9
742.000,341.3
742.500,339.0
743.000,335.6
743.500,342.0
744.000,338.1
744.500,336.7
745.000,340.5
745.500,340.0
746.000,341.0
746.500,341.5
747.000,339.0
747.500,340.5
748.000,338.7
748.500,340.2
749.000,342.4
749.500,340.3
750.000,338.6
750.500,340.0
751.000,338.0
751.500,337.8
752.000,340.7
752.500,338.8
753.000,341.3
753.500,339.6
754.000,338.2
754.500,337.1
755.000,340.1
755.500,337.7
756.000,339.3
756.500,338.8
757.000,335.3
757.500,341.1
758.000,340.4
758.500,344.2
759.000,342.4
759.500,340.8
760.000,341.5
760.500,340.2
761.000,336.5
761.500,338.0
762.000,335.9
762.500,337.8
763.000,340.3
763.500,344.2
764.000,337.8
764.500,341.6
765.000,335.3
765.500,338.9
766.000,339.3
766.500,339.8
767.000,337.2
767.500,342.0
768.000,340.7
768.500,334.9
769.000,345.0
769.500,346.2
770.000,335.1
770.500,339.5
771.000,342.2
771.500,340.3
772.000,341.6
772.500,339.6
773.000,340.5
773.500,337.9
774.000,336.0
774.500,342.5
775.000,341.2
775.500,340.4
776.000,339.3
776.500,339.3
777.000,340.5
777.500,343.5
778.000,341.6
778.500,339.1
779.000,340.1
779.500,342.0
780.000,339.9
780.500,341.0
781.000,341.5
781.500,342.2
782.000,340.8
782.500,336.8
783.000,342.9
783.500,341.2
784.000,341.4
784.500,338.0
785.000,343.5
785.500,341.2
786.000,341.1
786.500,337.8
787.000,337.1
787.500,336.5
788.000,335.8
788.500,339.1
789.000,339.9
789.500,343.1
790.000,341.2
790.500,335.5
791.000,334.0
791.500,338.0
792.000,340.3
792.500,344.5
793.000,340.2
793.500,341.1
794.000,334.9
794.500,340.1
795.000,336.5
795.500,336.9
796.000,337.2
796.500,343.0
797.000,343.8
797.500,339.1
798.000,343.8
798.500,340.5
799.000,338.8
799.500,338.0
800.000,335.8
800.500,338.7
801.000,334.5
801.500,340.5
802.000,341.8
802.500,340.2
803.000,339.5
803.500,339.5
804.000,338.2
804.500,342.1
805.000,337.5
805.500,338.4
806.000,335.8
806.500,339.8
807.000,340.8
807.500,336.1
808.000,339.9
808.500,342.2
809.000,338.6
809.500,341.0
810.000,340.5
810.500,335.2
811.000,342.0
811.500,337.0
812.000,334.7
812.500,337.9
813.000,339.0
813.500,338.6
814.000,342.3
814.500,339.5
815.000,344.6
815.500,341.4
816.000,339.4
816.500,343.2
817.000,335.4
817.500,336.5
818.000,338.7
818.500,338.7
819.000,341.6
819.500,337.7
820.000,342.4
820.500,335.8
821.000,342.5
821.500,341.5
822.000,342.3
822.500,332.5
823.000,343.7
823.500,338.5
824.000,340.9
824.500,338.5
825.000,342.3
825.500,340.6
826.000,339.3
826.500,338.6
827.000,337.4
827.500,344.8
828.000,341.7
828.500,346.7
829.000,342.9
829.500,338.3
830.000,344.1
830.500,341.0
831.000,336.8
831.500,337.2
832.000,340.7
832.500,340.1
833.000,339.1
833.500,344.9
834.000,339.3
834.500,340.7
835.000,344.5
835.500,341.4
836.000,335.3
836.500,338.3
837.000,339.1
837.500,342.9
838.000,342.6
838.500,339.3
839.000,341.0
839.500,342.6
840.000,343.6
840.500,342.9
841.000,343.9
841.500,341.7
842.000,342.4
842.500,339.0
843.000,338.2
843.500,340.7
844.000,342.4
844.500,340.6
845.000,340.7
845.500,338.8
846.000,340.0
846.500,340.0
847.000,337.1
847.500,342.1
848.000,344.1
848.500,343.1
849.000,341.4
849.500,342.6
850.000,337.3
850.500,339.9
851.000,342.9
851.500,333.3
852.000,341.9
852.500,342.1
853.000,340.2
853.500,339.7
854.000,342.7
854.500,341.7
855.000,335.1
855.500,342.7
856.000,339.4
856.500,346.1
857.000,338.0
857.500,339.9
858.000,340.4
858.500,338.2
859.000,342.0
859.500,338.2
860.000,335.0
860.500,343.7
861.000,340.6
861.500,340.5
862.000,344.8
862.500,341.8
863.000,338.6
863.500,339.5
864.000,339.3
864.500,341.6
865.000,339.7
865.500,338.4
866.000,335.8
866.500,337.9
867.000,340.2
867.500,341.8
868.000,339.5
868.500,347.4
869.000,341.1
869.500,340.2
870.000,342.5
870.500,338.1
871.000,340.8
871.500,340.2
872.000,344.4
872.500,341.0
873.000,343.6
873.500,338.6
874.000,345.4
874.500,342.5
875.000,344.2
875.500,338.0
876.000,339.9
876.500,337.2
877.000,344.4
877.500,339.3
878.000,344.1
878.500,338.0
879.000,341.0
879.500,339.3
880.000,340.8
880.500,339.4
881.000,338.2
881.500,338.1
882.000,336.8
882.500,340.5
883.000,339.3
883.500,340.7
884.000,343.6
884.500,339.3
885.000,341.9
885.500,342.5
886.000,339.4
886.500,337.0
887.000,338.9
887.500,337.9
888.000,338.4
888.500,337.8
889.000,342.0
889.500,341.9
890.000,336.8
890.500,340.0
891.000,339.6
891.500,337.3
892.000,345.3
892.500,340.3
893.000,338.1
893.500,337.7
894.000,343.3
894.500,338.8
895.000,339.7
895.500,340.0
896.000,342.3
896.500,336.4
897.000,336.9
897.500,340.9
898.000,343.1
898.500,340.3
899.000,340.0
899.500,340.8
900.000,340.5
900.500,341.6
901.000,336.8
901.500,340.3
902.000,339.7
902.500,337.4
903.000,342.4
903.500,343.7
904.000,338.4
904.500,345.8
905.000,338.1
905.500,336.8
906.000,339.6
906.500,341.0
907.000,346.1
907.500,342.2
908.000,341.6
908.500,340.9
909.000,342.2
909.500,342.5
910.000,345.4
910.500,340.4
911.000,337.8
911.500,340.5
912.000,341.7
912.500,336.7
913.000,340.4
913.500,336.6
914.000,334.3
914.500,346.3
915.000,339.9
915.500,341.7
916.000,340.1
916.500,344.0
917.000,342.6
917.500,341.3
918.000,342.0
918.500,341.7
919.000,341.1
919.500,344.1
920.000,343.6
920.500,340.6
921.000,342.0
921.500,337.0
922.000,341.5
922.500,344.8
923.000,341.0
923.500,342.3
924.000,338.1
924.500,338.5
925.000,341.5
925.500,338.4
926.000,344.4
926.500,338.5
927.000,342.2
927.500,340.1
928.000,338.4
928.500,340.1
929.000,337.5
929.500,339.8
930.000,338.2
930.500,347.0
931.000,337.8
931.500,340.8
932.000,340.5
932.500,343.4
933.000,335.9
933.500,338.2
934.000,342.8
934.500,336.3
935.000,340.0
935.500,344.4
936.000,344.5
936.500,339.2
937.000,342.5
937.500,337.7
938.000,336.0
938.500,342.1
939.000,344.2
939.500,338.5
940.000,342.6
940.500,339.4
941.000,342.5
941.500,340.3
942.000,337.8
942.500,337.8
943.000,342.6
943.500,342.5
944.000,340.0
944.500,341.5
945.000,340.7
945.500,338.5
946.000,342.0
946.500,341.4
947.000,340.4
947.500,341.2
948.000,340.8
948.500,340.0
949.000,341.0
949.500,337.7
950.000,339.5
950.500,341.4
951.000,333.3
951.500,339.5
952.000,345.6
952.500,339.3
953.000,337.7
953.500,341.6
954.000,335.8
954.500,339.5
955.000,344.8
955.500,345.0
956.000,342.2
956.500,340.9
957.000,340.4
957.500,337.8
958.000,337.6
958.500,344.6
959.000,336.4
959.500,343.1
960.000,338.9
960.500,338.2
961.000,342.0
961.500,340.6
962.000,344.4
962.500,338.6
963.000,336.1
963.500,338.2
964.000,340.8
964.500,341.4
965.000,338.6
965.500,337.2
966.000,345.0
966.500,338.3
967.000,340.2
967.500,339.5
968.000,342.0
968.500,341.8
969.000,338.4
969.500,341.0
970.000,337.1
970.500,338.5
971.000,339.0
971.500,342.1
972.000,340.3
972.500,343.5
973.000,340.5
973.500,339.8
974.000,339.7
974.500,339.6
975.000,340.1
975.500,338.6
976.000,339.9
976.500,342.5
977.000,337.4
977.500,339.9
978.000,344.3
978.500,340.4
979.000,339.8
979.500,337.8
980.000,337.2
980.500,343.5
981.000,339.9
981.500,335.3
982.000,341.4
982.500,337.0
983.000,341.4
983.500,340.3
984.000,343.7
984.500,341.2
985.000,342.3
985.500,341.6
986.000,339.5
986.500,337.4
987.000,343.7
987.500,338.2
988.000,341.9
988.500,340.3
989.000,337.2
989.500,343.9
990.000,342.2
990.500,344.4
991.000,339.6
991.500,338.3
992.000,342.2
992.500,338.3
993.000,341.1
993.500,342.8
994.000,335.4
994.500,341.4
995.000,336.3
995.500,337.0
996.000,344.0
996.500,338.9
997.000,339.3
997.500,340.3
998.000,334.4
998.500,341.4
999.000,337.3
999.500,342.5
1000.000,340.5
