"# SPARTA demo dataset (synthetic)","vis_DEMO_glass_20p1.002"
700.500,339.9
701.000,345.0
701.500,338.3
702.000,339.7
702.500,341.6
703.000,342.0
703.500,339.6
704.000,344.4
704.500,343.8
705.000,337.9
705.500,342.7
706.000,337.8
706.500,343.4
707.000,343.0
707.500,342.0
708.000,338.0
708.500,343.1
709.000,337.3
709.500,340.0
710.000,338.8
710.500,340.2
711.000,343.7
711.500,343.4
712.000,343.2
712.500,337.2
713.000,340.4
713.500,342.5
714.000,336.1
714.500,340.0
715.000,340.9
715.500,338.2
716.000,340.2
716.500,338.8
717.000,340.4
717.500,336.2
718.000,340.7
718.500,337.6
719.000,340.7
719.500,341.9
720.000,335.0
720.500,339.7
721.000,338.9
721.500,341.7
722.000,341.2
722.500,334.2
723.000,339.9
723.500,343.0
724.000,333.5
724.500,335.1
725.000,340.0
725.500,340.6
726.000,345.3
726.500,344.7
727.000,343.6
727.500,338.1
728.000,336.6
728.500,342.9
729.000,336.2
729.500,338.6
730.000,344.0
730.500,342.2
731.000,336.5
731.500,344.2
732.000,339.3
732.500,341.3
733.000,338.7
733.500,340.6
734.000,340.3
734.500,340.7
735.000,339.2
735.500,340.0
736.000,339.2
736.500,340.8
737.000,341.9
737.500,339.1
738.000,339.1
738.500,336.6
739.000,338.8
739.500,338.4
740.000,339.8
740.500,341.2
741.000,341.3
741.500,340.2
742.000,339.0
742.500,342.6
743.000,339.7
743.500,341.3
744.000,345.4
744.500,344.6
745.000,339.8
745.500,338.0
746.000,337.7
746.500,340.7
747.000,339.3
747.500,339.8
748.000,341.3
748.500,342.3
749.000,339.8
749.500,341.5
750.000,342.7
750.500,337.9
751.000,340.4
751.500,342.6
752.000,340.3
752.500,338.5
753.000,340.4
753.500,341.2
754.000,341.6
754.500,341.2
755.000,339.4
755.500,340.9
756.000,341.6
756.500,341.5
757.000,337.0
757.500,344.1
758.000,342.5
758.500,340.5
759.000,341.9
759.500,342.5
760.000,340.5
760.500,344.2
761.000,340.1
761.500,340.1
762.000,340.5
762.500,337.1
763.000,345.1
763.500,338.6
764.000,341.6
764.500,340.1
765.000,338.2
765.500,342.2
766.000,337.9
766.500,341.1
767.000,340.2
767.500,339.4
768.000,341.8
768.500,340.8
769.000,339.7
769.500,339.2
770.000,343.1
770.500,337.3
771.000,342.7
771.500,339.2
772.000,338.0
772.500,339.0
773.000,338.7
773.500,339.7
774.000,339.4
774.500,340.8
775.000,339.2
775.500,341.9
776.000,344.2
776.500,339.1
777.000,339.1
777.500,343.2
778.000,343.3
778.500,334.1
779.000,337.5
779.500,341.2
780.000,341.5
780.500,342.9
781.000,341.6
781.500,342.6
782.000,341.3
782.500,339.4
783.000,338.5
783.500,336.9
784.000,342.6
784.500,342.0
785.000,345.6
785.500,342.2
786.000,344.0
786.500,341.7
787.000,338.9
787.500,339.9
788.000,337.1
788.500,336.7
789.000,339.1
789.500,338.3
790.000,341.8
790.500,339.8
791.000,338.9
791.500,340.7
792.000,341.5
792.500,337.2
793.000,339.2
793.500,339.8
794.000,339.5
794.500,339.3
795.000,342.9
795.500,337.3
796.000,338.5
796.500,339.1
797.000,340.7
797.500,340.6
798.000,342.8
798.500,337.1
799.000,335.7
799.500,342.7
800.000,342.1
800.500,338.6
801.000,341.3
801.500,340.0
802.000,340.3
802.500,337.1
803.000,337.2
803.500,340.1
804.000,340.1
804.500,343.0
805.000,341.2
805.500,340.1
806.000,341.4
806.500,337.1
807.000,336.6
807.500,339.5
808.000,341.2
808.500,341.2
809.000,344.1
809.500,338.2
810.000,340.8
810.500,339.7
811.000,340.8
811.500,340.1
812.000,341.0
812.500,339.9
813.000,336.2
813.500,340.1
814.000,338.3
814.500,343.6
815.000,341.4
815.500,337.9
816.000,334.8
816.500,337.9
817.000,341.1
817.500,336.5
818.000,339.4
818.500,342.1
819.000,341.5
819.500,339.8
820.000,344.5
820.500,343.3
821.000,343.2
821.500,342.1
822.000,339.5
822.500,342.8
823.000,339.0
823.500,336.3
824.000,341.9
824.500,340.6
825.000,343.6
825.500,339.7
826.000,340.2
826.500,339.6
827.000,340.8
827.500,341.4
828.000,345.3
828.500,339.7
829.000,338.6
829.500,338.4
830.000,337.7
830.500,340.5
831.000,334.0
831.500,343.8
832.000,337.1
832.500,335.5
833.000,342.8
833.500,338.0
834.000,339.0
834.500,341.2
835.000,339.0
835.500,340.1
836.000,338.9
836.500,335.9
837.000,339.0
837.500,340.8
838.000,343.1
838.500,340.0
839.000,346.3
839.500,344.1
840.000,340.3
840.500,337.4
841.000,338.9
841.500,340.9
842.000,341.9
842.500,340.4
843.000,343.5
843.500,339.8
844.000,338.6
844.500,341.6
845.000,341.3
845.500,338.2
846.000,341.5
846.500,336.9
847.000,340.3
847.500,340.5
848.000,341.6
848.500,340.3
849.000,336.3
849.500,344.7
850.000,338.9
850.500,340.8
851.000,337.7
851.500,340.7
852.000,340.3
852.500,338.1
853.000,340.8
853.500,336.6
854.000,338.1
854.500,339.2
855.000,336.3
855.500,336.8
856.000,344.4
856.500,342.0
857.000,340.6
857.500,339.9
858.000,339.4
858.500,341.0
859.000,339.3
859.500,342.2
860.000,338.2
860.500,340.9
861.000,339.6
861.500,341.4
862.000,340.0
862.500,338.5
863.000,342.8
863.500,341.7
864.000,335.8
864.500,341.1
865.000,338.3
865.500,343.1
866.000,338.3
866.500,336.5
867.000,340.1
867.500,341.7
868.000,339.3
868.500,337.3
869.000,341.8
869.500,336.4
870.000,341.2
870.500,340.4
871.000,335.7
871.500,337.2
872.000,335.4
872.500,342.3
873.000,337.3
873.500,345.4
874.000,342.5
874.500,337.8
875.000,337.4
875.500,338.4
876.000,338.4
876.500,338.6
877.000,338.2
877.500,341.2
878.000,339.4
878.500,342.9
879.000,342.9
879.500,340.8
880.000,343.6
880.500,340.6
881.000,337.7
881.500,339.3
882.000,336.6
882.500,342.2
883.000,340.2
883.500,344.0
884.000,340.3
884.500,340.4
885.000,337.9
885.500,340.0
886.000,335.1
886.500,339.2
887.000,342.9
887.500,338.7
888.000,337.8
888.500,342.7
889.000,337.4
889.500,342.5
890.000,339.4
890.500,342.4
891.000,340.2
891.500,339.9
892.000,339.3
892.500,344.6
893.000,339.1
893.500,339.9
894.000,337.8
894.500,341.8
895.000,340.1
895.500,342.2
896.000,340.4
896.500,339.2
897.000,339.8
897.500,335.8
898.000,339.0
898.500,341.1
899.000,342.6
899.500,339.6
900.000,336.4
900.500,340.1
901.000,343.0
901.500,341.7
902.000,340.1
902.500,333.8
903.000,342.6
903.500,336.0
904.000,343.4
904.500,339.4
905.000,342.4
905.500,341.6
906.000,336.5
906.500,339.2
907.000,341.3
907.500,342.1
908.000,337.6
908.500,346.9
909.000,341.5
909.500,340.1
910.000,339.1
910.500,340.8
911.000,339.4
911.500,346.7
912.000,346.1
912.500,338.7
913.000,342.0
913.500,340.5
914.000,340.9
914.500,344.6
915.000,344.2
915.500,341.0
916.000,337.8
916.500,340.5
917.000,340.8
917.500,338.2
918.000,338.9
918.500,335.3
919.000,336.2
919.500,343.3
920.000,341.9
920.500,342.3
921.000,341.0
921.500,341.0
922.000,344.9
922.500,341.6
923.000,336.4
923.500,342.5
924.000,337.5
924.500,340.7
925.000,338.5
925.500,339.9
926.000,340.1
926.500,341.2
927.000,337.3
927.500,339.4
928.000,341.9
928.500,342.9
929.000,342.8
929.500,339.3
930.000,339.1
930.500,338.8
931.000,340.2
931.500,338.9
932.000,341.7
932.500,340.2
933.000,342.2
933.500,339.3
934.000,340.6
934.500,337.0
935.000,337.8
935.500,339.5
936.000,345.9
936.500,336.7
937.000,344.7
937.500,341.3
938.000,336.3
938.500,342.1
939.000,341.4
939.500,341.6
940.000,344.5
940.500,339.1
941.000,339.2
941.500,339.0
942.000,341.9
942.500,339.9
943.000,340.5
943.500,339.8
944.000,339.2
944.500,341.0
945.000,343.6
945.500,340.5
946.000,339.0
946.500,338.5
947.000,340.6
947.500,341.3
948.000,343.1
948.500,338.4
949.000,344.5
949.500,343.4
950.000,341.7
950.500,338.6
951.000,338.1
951.500,342.0
952.000,342.4
952.500,339.7
953.000,339.9
953.500,338.5
954.000,337.1
954.500,340.0
955.000,339.5
955.500,340.7
956.000,336.6
956.500,341.8
957.000,342.0
957.500,337.2
958.000,344.0
958.500,341.3
959.000,339.2
959.500,337.6
960.000,332.6
960.500,337.1
961.000,336.4
961.500,343.6
962.000,336.8
962.500,335.5
963.000,340.6
963.500,341.8
964.000,341.5
964.500,339.9
965.000,340.5
965.500,336.2
966.000,337.6
966.500,335.7
967.000,335.6
967.500,339.8
968.000,335.9
968.500,340.3
969.000,341.9
969.500,339.6
970.000,340.8
970.500,342.5
971.000,340.6
971.500,339.2
972.000,341.2
972.500,337.3
973.000,343.1
973.500,333.7
974.000,341.5
974.500,338.8
975.000,341.5
975.500,343.3
976.000,341.3
976.500,340.0
977.000,337.9
977.500,338.8
978.000,339.9
978.500,342.0
979.000,341.0
979.500,335.4
980.000,345.6
980.500,336.7
981.000,342.2
981.500,334.7
982.000,339.5
982.500,337.6
983.000,337.1
983.500,340.4
984.000,338.7
984.500,342.6
985.000,340.8
985.500,338.7
986.000,341.7
986.500,340.9
987.000,342.2
987.500,335.2
988.000,342.7
988.500,337.2
989.000,342.1
989.500,335.4
990.000,338.5
990.500,337.1
991.000,337.9
991.500,338.5
992.000,334.9
992.500,339.1
993.000,338.3
993.500,344.3
994.000,342.1
994.500,340.1
995.000,340.2
995.500,336.2
996.000,341.7
996.500,339.8
997.000,337.9
997.500,334.4
998.000,340.2
998.500,339.1
999.000,339.1
999.500,338.8
1000.000,344.1
