"# SPARTA demo dataset (synthetic)","vis_DEMO_glass_0p0_bg.002"
700.500,26486.7
701.000,26734.8
701.500,26888.5
702.000,26944.4
702.500,26871.7
703.000,26687.9
703.500,26411.4
704.000,26091.5
704.500,25753.8
705.000,25471.2
705.500,25228.3
706.000,25094.9
706.500,25069.7
707.000,25172.5
707.500,25373.1
708.000,25656.6
708.500,25988.9
709.000,26334.9
709.500,26641.8
710.000,26895.7
710.500,27048.9
711.000,27091.5
711.500,27007.9
712.000,26836.8
712.500,26575.0
713.000,26260.6
713.500,25930.6
714.000,25633.9
714.500,25397.7
715.000,25232.2
715.500,25188.5
716.000,25245.8
716.500,25416.1
717.000,25668.5
717.500,25975.8
718.000,26313.8
718.500,26629.6
719.000,26899.0
719.500,27101.5
720.000,27196.6
720.500,27174.7
721.000,27059.2
721.500,26841.3
722.000,26556.5
722.500,26238.4
723.000,25916.5
723.500,25632.6
724.000,25424.5
724.500,25300.2
725.000,25281.0
725.500,25355.7
726.000,25556.5
726.500,25803.1
727.000,26118.6
727.500,26438.1
728.000,26757.3
728.500,27006.4
729.000,27180.0
729.500,27282.9
730.000,27249.3
730.500,27123.3
731.000,26926.3
731.500,26647.3
732.000,26340.5
732.500,26028.9
733.000,25733.0
733.500,25507.1
734.000,25378.8
734.500,25343.3
735.000,25382.0
735.500,25532.0
736.000,25765.7
736.500,26070.6
737.000,26372.7
737.500,26681.1
738.000,26958.6
738.500,27171.9
739.000,27296.2
739.500,27324.9
740.000,27245.4
740.500,27078.2
741.000,26850.4
741.500,26558.3
742.000,26262.3
742.500,25950.0
743.000,25690.3
743.500,25491.1
744.000,25380.7
744.500,25355.6
745.000,25435.0
745.500,25592.7
746.000,25828.2
746.500,26114.6
747.000,26412.3
747.500,26716.6
748.000,26975.4
748.500,27181.1
749.000,27294.4
749.500,27317.7
750.000,27262.2
750.500,27096.6
751.000,26878.5
751.500,26592.2
752.000,26288.8
752.500,25996.9
753.000,25721.1
753.500,25517.8
754.000,25367.6
754.500,25335.3
755.000,25385.3
755.500,25505.7
756.000,25713.5
756.500,25978.3
757.000,26269.8
757.500,26557.4
758.000,26825.5
758.500,27053.3
759.000,27217.3
759.500,27285.0
760.000,27258.3
760.500,27158.9
761.000,26978.1
761.500,26722.6
762.000,26446.5
762.500,26153.7
763.000,25872.8
763.500,25613.4
764.000,25423.1
764.500,25307.6
765.000,25279.5
765.500,25335.2
766.000,25462.2
766.500,25672.0
767.000,25924.1
767.500,26196.5
768.000,26479.7
768.500,26748.7
769.000,26953.5
769.500,27119.1
770.000,27179.4
770.500,27180.6
771.000,27088.8
771.500,26931.3
772.000,26698.0
772.500,26425.4
773.000,26136.2
773.500,25863.9
774.000,25600.9
774.500,25389.9
775.000,25240.6
775.500,25171.9
776.000,25189.5
776.500,25280.7
777.000,25447.5
777.500,25666.5
778.000,25928.0
778.500,26190.9
779.000,26460.4
779.500,26699.9
780.000,26882.1
780.500,27015.7
781.000,27050.5
781.500,27031.5
782.000,26915.2
782.500,26741.1
783.000,26516.4
783.500,26242.8
784.000,25969.6
784.500,25698.0
785.000,25447.7
785.500,25239.1
786.000,25092.7
786.500,25034.4
787.000,25026.9
787.500,25118.6
788.000,25266.8
788.500,25472.6
789.000,25709.6
789.500,25972.3
790.000,26228.4
790.500,26458.9
791.000,26662.4
791.500,26787.7
792.000,26855.2
792.500,26852.1
793.000,26782.0
793.500,26628.8
794.000,26428.0
794.500,26185.3
795.000,25912.6
795.500,25637.9
796.000,25372.0
796.500,25154.0
797.000,24983.8
797.500,24858.8
798.000,24817.0
798.500,24844.3
799.000,24940.0
799.500,25097.1
800.000,25298.1
800.500,25538.4
801.000,25787.1
801.500,26027.5
802.000,26249.1
802.500,26432.4
803.000,26556.7
803.500,26601.4
804.000,26603.4
804.500,26534.5
805.000,26394.0
805.500,26205.2
806.000,25967.1
806.500,25699.8
807.000,25439.0
807.500,25176.7
808.000,24949.4
808.500,24769.5
809.000,24627.6
809.500,24572.5
810.000,24566.8
810.500,24627.9
811.000,24759.2
811.500,24935.7
812.000,25138.9
812.500,25384.2
813.000,25624.0
813.500,25835.5
814.000,26032.6
814.500,26184.9
815.000,26292.8
815.500,26308.7
816.000,26278.7
816.500,26190.3
817.000,26034.1
817.500,25834.6
818.000,25603.4
818.500,25354.9
819.000,25090.9
819.500,24849.9
820.000,24634.9
820.500,24455.4
821.000,24323.0
821.500,24259.3
822.000,24247.1
822.500,24304.6
823.000,24413.6
823.500,24579.0
824.000,24785.3
824.500,24993.8
825.000,25217.7
825.500,25436.5
826.000,25628.3
826.500,25772.9
827.000,25883.1
827.500,25933.3
828.000,25940.1
828.500,25869.4
829.000,25732.3
829.500,25567.3
830.000,25356.0
830.500,25112.6
831.000,24861.3
831.500,24616.0
832.000,24390.8
832.500,24193.7
833.000,24034.2
833.500,23920.0
834.000,23873.2
834.500,23882.7
835.000,23946.6
835.500,24056.1
836.000,24220.2
836.500,24394.0
837.000,24610.4
837.500,24816.7
838.000,25020.2
838.500,25207.3
839.000,25359.1
839.500,25458.1
840.000,25491.1
840.500,25490.4
841.000,25439.0
841.500,25325.0
842.000,25167.3
842.500,24973.4
843.000,24742.1
843.500,24505.7
844.000,24259.2
844.500,24038.4
845.000,23826.7
845.500,23661.7
846.000,23530.0
846.500,23462.5
847.000,23438.9
847.500,23463.3
848.000,23534.8
848.500,23667.1
849.000,23825.9
849.500,24001.7
850.000,24197.4
850.500,24396.8
851.000,24590.1
851.500,24759.4
852.000,24879.2
852.500,24960.3
853.000,25001.4
853.500,24989.1
854.000,24925.2
854.500,24820.2
855.000,24658.3
855.500,24466.3
856.000,24253.4
856.500,24021.7
857.000,23791.7
857.500,23570.6
858.000,23370.7
858.500,23198.7
859.000,23070.2
859.500,22966.0
860.000,22933.8
860.500,22947.9
861.000,22990.4
861.500,23096.4
862.000,23237.1
862.500,23395.9
863.000,23569.7
863.500,23756.3
864.000,23933.8
864.500,24102.3
865.000,24236.6
865.500,24348.8
866.000,24413.8
866.500,24428.8
867.000,24398.1
867.500,24325.9
868.000,24205.2
868.500,24057.0
869.000,23854.8
869.500,23656.3
870.000,23432.1
870.500,23207.0
871.000,23008.9
871.500,22808.2
872.000,22639.0
872.500,22504.7
873.000,22412.4
873.500,22368.5
874.000,22367.5
874.500,22416.0
875.000,22492.0
875.500,22602.7
876.000,22761.9
876.500,22915.2
877.000,23091.8
877.500,23256.1
878.000,23415.2
878.500,23560.3
879.000,23667.8
879.500,23741.8
880.000,23781.7
880.500,23771.8
881.000,23727.0
881.500,23638.3
882.000,23505.5
882.500,23347.9
883.000,23159.2
883.500,22951.1
884.000,22751.5
884.500,22530.6
885.000,22332.6
885.500,22156.9
886.000,21987.2
886.500,21869.2
887.000,21783.5
887.500,21739.6
888.000,21735.5
888.500,21764.7
889.000,21841.6
889.500,21940.8
890.000,22065.3
890.500,22214.9
891.000,22375.4
891.500,22526.1
892.000,22689.1
892.500,22810.2
893.000,22930.4
893.500,23009.5
894.000,23058.1
894.500,23063.9
895.000,23038.5
895.500,22966.5
896.000,22856.4
896.500,22721.0
897.000,22548.3
897.500,22371.5
898.000,22178.0
898.500,21969.6
899.000,21771.1
899.500,21584.4
900.000,21414.4
900.500,21270.2
901.000,21158.9
901.500,21076.2
902.000,21032.1
902.500,21029.9
903.000,21063.7
903.500,21128.0
904.000,21216.2
904.500,21329.2
905.000,21465.1
905.500,21610.7
906.000,21759.7
906.500,21904.6
907.000,22017.7
907.500,22133.1
908.000,22199.2
908.500,22254.8
909.000,22269.0
909.500,22251.9
910.000,22203.8
910.500,22116.0
911.000,22006.3
911.500,21851.5
912.000,21693.8
912.500,21509.1
913.000,21314.6
913.500,21114.0
914.000,20939.1
914.500,20760.2
915.000,20598.8
915.500,20477.9
916.000,20375.1
916.500,20304.7
917.000,20271.9
917.500,20262.0
918.000,20281.4
918.500,20347.0
919.000,20430.5
919.500,20537.6
920.000,20660.2
920.500,20781.5
921.000,20915.9
921.500,21036.9
922.000,21154.5
922.500,21257.8
923.000,21336.9
923.500,21386.0
924.000,21412.2
924.500,21412.4
925.000,21370.0
925.500,21292.8
926.000,21198.2
926.500,21062.9
927.000,20922.6
927.500,20750.7
928.000,20576.2
928.500,20387.9
929.000,20211.4
929.500,20044.4
930.000,19875.3
930.500,19743.5
931.000,19617.8
931.500,19531.9
932.000,19468.4
932.500,19428.8
933.000,19425.0
933.500,19451.9
934.000,19497.0
934.500,19575.0
935.000,19675.8
935.500,19774.7
936.000,19887.2
936.500,20011.2
937.000,20117.0
937.500,20240.7
938.000,20325.3
938.500,20404.5
939.000,20450.7
939.500,20484.2
940.000,20480.9
940.500,20453.2
941.000,20395.1
941.500,20311.9
942.000,20205.7
942.500,20080.0
943.000,19930.8
943.500,19762.3
944.000,19606.0
944.500,19420.2
945.000,19258.1
945.500,19093.5
946.000,18950.7
946.500,18823.4
947.000,18715.6
947.500,18628.1
948.000,18563.6
948.500,18531.5
949.000,18523.4
949.500,18546.0
950.000,18587.2
950.500,18652.9
951.000,18736.5
951.500,18826.5
952.000,18925.9
952.500,19044.8
953.000,19141.2
953.500,19237.4
954.000,19329.3
954.500,19407.4
955.000,19453.8
955.500,19474.6
956.000,19493.9
956.500,19466.9
957.000,19434.0
957.500,19363.6
958.000,19275.5
958.500,19161.7
959.000,19030.9
959.500,18893.3
960.000,18729.2
960.500,18578.5
961.000,18418.4
961.500,18263.0
962.000,18116.1
962.500,17976.7
963.000,17862.0
963.500,17750.3
964.000,17676.3
964.500,17615.2
965.000,17583.3
965.500,17566.7
966.000,17582.6
966.500,17624.3
967.000,17671.6
967.500,17721.3
968.000,17821.3
968.500,17907.2
969.000,17996.9
969.500,18096.3
970.000,18180.8
970.500,18253.8
971.000,18333.5
971.500,18386.7
972.000,18429.2
972.500,18433.9
973.000,18432.8
973.500,18403.0
974.000,18348.0
974.500,18280.8
975.000,18188.4
975.500,18080.5
976.000,17950.3
976.500,17824.7
977.000,17680.4
977.500,17526.9
978.000,17382.3
978.500,17238.8
979.000,17095.2
979.500,16968.4
980.000,16852.3
980.500,16755.3
981.000,16671.5
981.500,16613.1
982.000,16587.3
982.500,16563.7
983.000,16563.1
983.500,16593.0
984.000,16626.9
984.500,16676.6
985.000,16735.6
985.500,16823.2
986.000,16902.4
986.500,16986.4
987.000,17059.4
987.500,17145.8
988.000,17197.7
988.500,17259.6
989.000,17299.4
989.500,17321.8
990.000,17332.6
990.500,17321.6
991.000,17286.6
991.500,17234.9
992.000,17157.0
992.500,17073.8
993.000,16977.3
993.500,16863.3
994.000,16735.8
994.500,16597.9
995.000,16462.6
995.500,16323.0
996.000,16188.7
996.500,16055.0
997.000,15935.5
997.500,15826.9
998.000,15730.6
998.500,15651.5
999.000,15583.2
999.500,15541.1
1000.000,15511.0
