"# SPARTA demo dataset (synthetic)","vis_DEMO_glass_5p2_s.001"
400.000,559.2
400.501,536.2
401.002,543.7
401.503,561.3
402.003,568.3
402.504,559.8
403.005,558.4
403.506,549.3
404.007,547.7
404.508,560.7
405.008,574.6
405.509,565.1
406.010,546.8
406.511,549.1
407.012,571.5
407.513,580.4
408.013,565.3
408.514,551.7
409.015,560.9
409.516,568.2
410.017,571.0
410.518,575.6
411.018,570.2
411.519,557.9
412.020,555.6
412.521,576.2
413.022,592.1
413.523,573.9
414.023,562.3
414.524,555.2
415.025,570.5
415.526,585.5
416.027,576.5
416.528,577.8
417.028,572.0
417.529,565.7
418.030,563.1
418.531,587.4
419.032,593.0
419.533,578.5
420.033,561.1
420.534,567.7
421.035,587.1
421.536,596.8
422.037,581.9
422.538,572.1
423.038,576.6
423.539,582.7
424.040,589.7
424.541,594.1
425.042,595.4
425.543,589.1
426.043,569.1
426.544,577.8
427.045,593.7
427.546,609.0
428.047,593.3
428.548,580.5
429.048,581.4
429.549,587.6
430.050,604.6
430.551,604.4
431.052,602.0
431.553,595.6
432.053,588.3
432.554,591.4
433.055,600.7
433.556,616.7
434.057,617.4
434.558,596.1
435.058,582.3
435.559,589.5
436.060,616.2
436.561,623.2
437.062,610.1
437.563,593.5
438.063,595.8
438.564,599.7
439.065,611.8
439.566,615.6
440.067,621.3
440.568,619.1
441.068,606.3
441.569,592.9
442.070,608.1
442.571,626.3
443.072,643.3
443.573,625.5
444.073,600.5
444.574,606.6
445.075,613.0
445.576,631.1
446.077,632.9
446.578,628.7
447.078,627.8
447.579,622.8
448.080,613.1
448.581,619.9
449.082,633.0
449.583,646.9
450.083,643.4
450.584,621.0
451.085,609.5
451.586,620.0
452.087,646.6
452.588,658.7
453.088,650.7
453.589,633.5
454.090,627.0
454.591,629.2
455.092,638.0
455.593,645.4
456.093,652.5
456.594,661.3
457.095,654.3
457.596,638.6
458.097,630.3
458.598,631.7
459.098,659.8
459.599,680.2
460.100,667.0
460.601,649.3
461.102,635.7
461.603,646.4
462.104,658.2
462.604,669.1
463.105,670.6
463.606,670.0
464.107,669.2
464.608,659.6
465.109,653.4
465.609,651.0
466.110,674.7
466.611,696.4
467.112,699.4
467.613,678.7
468.114,656.6
468.614,654.9
469.115,678.4
469.616,699.1
470.117,702.6
470.618,697.0
471.119,685.0
471.619,679.4
472.120,681.5
472.621,685.7
473.122,694.0
473.623,707.2
474.124,714.6
474.624,715.8
475.125,701.1
475.626,683.8
476.127,679.1
476.628,704.1
477.129,735.0
477.629,739.8
478.130,733.0
478.631,708.9
479.132,696.2
479.633,706.8
480.134,720.8
480.634,738.7
481.135,741.9
481.636,745.1
482.137,747.6
482.638,738.3
483.139,725.9
483.639,715.8
484.140,726.6
484.641,750.5
485.142,778.9
485.643,781.2
486.144,761.0
486.644,735.1
487.145,727.7
487.646,744.4
488.147,780.4
488.648,797.9
489.149,794.3
489.649,781.0
490.150,771.7
490.651,772.7
491.152,772.1
491.653,779.7
492.154,789.2
492.654,805.4
493.155,821.3
493.656,827.3
494.157,812.3
494.658,793.1
495.159,778.7
495.659,795.8
496.160,826.1
496.661,860.3
497.162,870.5
497.663,855.6
498.164,823.9
498.664,821.9
499.165,826.8
499.666,848.5
500.167,868.0
500.668,880.8
501.169,883.8
501.669,888.0
502.170,887.9
502.671,882.7
503.172,867.5
503.673,857.1
504.174,882.7
504.674,924.0
505.175,954.1
505.676,960.7
506.177,943.5
506.678,906.9
507.179,893.7
507.679,909.7
508.180,948.2
508.681,980.7
509.182,999.8
509.683,997.4
510.184,983.8
510.684,978.2
511.185,975.1
511.686,983.1
512.187,988.0
512.688,1005.7
513.189,1028.7
513.689,1064.2
514.190,1083.9
514.691,1080.2
515.192,1054.4
515.693,1024.1
516.194,1019.3
516.694,1054.5
517.195,1111.0
517.696,1162.0
518.197,1178.9
518.698,1154.3
519.199,1125.7
519.699,1105.0
520.200,1118.0
520.701,1150.5
521.202,1191.1
521.703,1214.6
522.204,1233.4
522.705,1248.0
523.205,1264.3
523.706,1263.7
524.207,1257.9
524.708,1236.8
525.209,1232.3
525.710,1256.7
526.210,1319.9
526.711,1388.8
527.212,1430.8
527.713,1427.5
528.214,1384.4
528.715,1338.5
529.215,1335.7
529.716,1375.8
530.217,1446.5
530.718,1512.1
531.219,1547.0
531.720,1552.8
532.220,1546.9
532.721,1541.7
533.222,1540.3
533.723,1555.6
534.224,1567.4
534.725,1591.6
535.225,1628.8
535.726,1692.9
536.227,1758.8
536.728,1805.7
537.229,1816.2
537.730,1787.0
538.230,1727.6
538.731,1703.1
539.232,1750.5
539.733,1849.9
540.234,1969.7
540.735,2054.7
541.235,2074.3
541.736,2040.3
542.237,1996.8
542.738,1972.3
543.239,2000.9
543.740,2071.5
544.240,2136.6
544.741,2204.2
545.242,2259.2
545.743,2308.9
546.244,2363.6
546.745,2398.7
547.245,2409.5
547.746,2385.2
548.247,2353.4
548.748,2347.9
549.249,2416.2
549.750,2547.9
550.250,2709.8
550.751,2834.1
551.252,2878.3
551.753,2830.3
552.254,2746.6
552.755,2682.5
553.255,2702.2
553.756,2809.0
554.257,2972.6
554.758,3130.2
555.259,3232.7
555.760,3267.2
556.260,3270.3
556.761,3268.4
557.262,3283.7
557.763,3307.4
558.264,3336.2
558.765,3373.0
559.265,3435.4
559.766,3538.7
560.267,3697.4
560.768,3879.0
561.269,4017.7
561.770,4068.1
562.270,4006.3
562.771,3893.5
563.272,3811.9
563.773,3832.4
564.274,3991.8
564.775,4256.3
565.275,4529.1
565.776,4715.1
566.277,4771.4
566.778,4716.6
567.279,4613.1
567.780,4553.4
568.280,4589.8
568.781,4705.2
569.282,4862.7
569.783,5024.4
570.284,5169.2
570.785,5302.6
571.285,5438.2
571.786,5568.4
572.287,5667.7
572.788,5694.7
573.289,5645.9
573.790,5557.5
574.290,5495.1
574.791,5567.3
575.292,5791.1
575.793,6146.3
576.294,6511.9
576.795,6786.3
577.295,6847.5
577.796,6726.7
578.297,6513.6
578.798,6346.7
579.299,6328.5
579.800,6507.9
580.301,6829.9
580.801,7185.2
581.302,7473.6
581.803,7643.6
582.304,7694.9
582.805,7693.8
583.306,7691.7
583.806,7713.6
584.307,7737.6
584.808,7771.5
585.309,7799.7
585.810,7860.8
586.311,8020.7
586.811,8286.8
587.312,8655.0
587.813,9032.8
588.314,9292.2
588.815,9350.7
589.316,9193.9
589.816,8901.5
590.317,8636.9
590.818,8568.8
591.319,8773.7
591.820,9218.8
592.321,9779.8
592.821,10268.8
593.322,10546.4
593.823,10570.9
594.324,10403.8
594.825,10159.5
595.326,10001.4
595.826,9980.2
596.327,10122.6
596.828,10360.3
597.329,10618.1
597.830,10855.8
598.331,11082.1
598.831,11301.5
599.332,11545.0
599.833,11769.7
600.334,11926.0
600.835,11936.9
601.336,11794.3
601.836,11538.6
602.337,11303.5
602.838,11229.8
603.339,11428.4
603.840,11903.9
604.341,12548.2
604.841,13166.6
605.342,13571.4
605.843,13633.8
606.344,13379.2
606.845,12935.4
607.346,12508.0
607.846,12294.4
608.347,12371.9
608.848,12745.6
609.349,13268.6
609.850,13793.2
610.351,14181.4
610.851,14390.4
611.352,14429.8
611.853,14387.1
612.354,14330.6
612.855,14280.7
613.356,14252.0
613.856,14213.2
614.357,14144.2
614.858,14088.4
615.359,14118.0
615.860,14312.8
616.361,14697.1
616.861,15234.2
617.362,15802.7
617.863,16226.5
618.364,16354.3
618.865,16158.3
619.366,15677.2
619.866,15115.6
620.367,14670.6
620.868,14549.0
621.369,14829.6
621.870,15437.4
622.371,16206.1
622.871,16900.8
623.372,17338.4
623.873,17426.8
624.374,17219.0
624.875,16834.9
625.376,16424.5
625.876,16176.5
626.377,16107.2
626.878,16215.4
627.379,16446.7
627.880,16707.4
628.381,16944.8
628.881,17186.2
629.382,17426.2
629.883,17706.9
630.384,18001.9
630.885,18253.0
631.386,18362.7
631.886,18286.0
632.387,17969.7
632.888,17514.2
633.389,17061.4
633.890,16776.9
634.391,16819.5
634.891,17220.5
635.392,17924.3
635.893,18749.0
636.394,19452.3
636.895,19860.0
637.396,19846.0
637.896,19445.0
638.397,18809.2
638.898,18145.5
639.399,17687.6
639.900,17536.8
640.401,17750.7
640.902,18234.0
641.402,18820.7
641.903,19373.3
642.404,19770.2
642.905,19946.8
643.406,19972.8
643.907,19893.4
644.407,19781.0
644.908,19668.5
645.409,19576.8
645.910,19462.3
646.411,19295.7
646.912,19107.5
647.412,18941.2
647.913,18869.6
648.414,19011.2
648.915,19387.3
649.416,19956.6
649.917,20611.8
650.417,21186.1
650.918,21509.5
651.419,21488.5
651.920,21081.9
652.421,20412.5
652.922,19672.8
653.422,19065.5
653.923,18786.3
654.424,18918.9
654.925,19439.3
655.426,20206.4
655.927,21019.5
656.427,21663.8
656.928,22022.3
657.429,22029.6
657.930,21734.8
658.431,21269.7
658.932,20778.4
659.432,20409.5
659.933,20198.1
660.434,20172.7
660.935,20282.6
661.436,20462.6
661.937,20655.7
662.437,20842.5
662.938,21039.0
663.439,21273.0
663.940,21546.7
664.441,21867.5
664.942,22155.6
665.442,22350.3
665.943,22350.2
666.444,22111.1
666.945,21648.8
667.446,21083.8
667.947,20502.6
668.447,20106.4
668.948,20029.4
669.449,20314.8
669.950,20923.4
670.451,21754.4
670.952,22559.9
671.452,23213.9
671.953,23511.1
672.454,23391.7
672.955,22937.6
673.456,22236.9
673.957,21505.6
674.457,20909.0
674.958,20573.2
675.459,20578.6
675.960,20865.6
676.461,21355.8
676.962,21910.7
677.462,22399.5
677.963,22747.6
678.464,22943.5
678.965,22983.2
679.466,22917.4
679.967,22810.5
680.467,22700.5
680.968,22594.7
681.469,22459.3
681.970,22280.8
682.471,22043.0
682.972,21763.9
683.472,21515.8
683.973,21354.5
684.474,21367.4
684.975,21610.3
685.476,22080.5
685.977,22713.4
686.477,23367.7
686.978,23912.6
687.479,24211.9
687.980,24182.8
688.481,23801.8
688.982,23146.4
689.482,22372.8
689.983,21627.2
690.484,21100.8
690.985,20914.8
691.486,21108.7
691.987,21620.4
692.487,22340.8
692.988,23115.4
693.489,23768.9
693.990,24187.7
694.491,24321.1
694.992,24153.8
695.492,23790.9
695.993,23319.5
696.494,22849.2
696.995,22482.8
697.496,22269.0
697.997,22172.6
698.497,22205.5
698.998,22296.8
699.499,22425.6
700.000,22544.3
