"# SPARTA demo dataset (synthetic)","vis_DEMO_glass_12p8_bg.001"
400.000,10860.8
400.501,10418.6
401.002,10580.2
401.503,11113.3
402.003,11188.6
402.504,10725.9
403.005,10531.3
403.506,10972.4
404.007,11376.0
404.508,11134.0
405.008,10684.2
405.509,10786.2
406.010,11326.1
406.511,11483.4
407.012,11058.2
407.513,10756.6
408.013,11112.9
408.514,11604.9
409.015,11508.2
409.516,11018.7
410.017,10934.5
410.518,11424.7
411.018,11787.1
411.519,11510.2
412.020,11058.5
412.521,11162.3
413.022,11707.6
413.523,11916.5
414.023,11516.8
414.524,11150.2
415.025,11401.2
415.526,11947.1
416.027,12014.0
416.528,11554.4
417.028,11275.0
417.529,11624.8
418.030,12140.9
418.531,12116.5
419.032,11634.0
419.533,11428.1
420.033,11824.7
420.534,12303.0
421.035,12235.8
421.536,11745.2
422.037,11563.6
422.538,11997.7
423.038,12469.2
423.539,12378.3
424.040,11884.7
424.541,11708.7
425.042,12132.5
425.543,12620.9
426.043,12541.3
426.544,12048.7
427.045,11842.8
427.546,12230.9
428.047,12740.7
428.548,12726.4
429.048,12255.5
429.549,11977.1
430.050,12300.9
430.551,12842.4
431.052,12936.8
431.553,12491.7
432.053,12135.0
432.554,12350.0
433.055,12906.3
433.556,13130.4
434.057,12771.4
434.558,12324.1
435.058,12387.1
435.559,12925.5
436.060,13290.8
436.561,13076.5
437.062,12579.4
437.563,12448.6
438.063,12887.2
438.564,13389.3
439.065,13379.1
439.566,12913.0
440.067,12578.0
440.568,12824.1
441.068,13393.8
441.569,13624.5
442.070,13302.8
442.571,12820.9
443.072,12802.3
443.573,13301.0
444.073,13755.1
444.574,13684.0
445.075,13193.6
445.576,12897.2
446.077,13156.3
446.578,13720.8
447.078,13976.8
447.579,13661.6
448.080,13175.5
448.581,13097.6
449.082,13554.3
449.583,14062.4
450.083,14085.4
450.584,13636.3
451.085,13249.2
451.586,13373.6
452.087,13920.2
452.588,14316.3
453.088,14159.0
453.589,13664.1
454.090,13391.6
454.591,13665.3
455.092,14230.8
455.593,14514.1
456.093,14235.4
456.594,13740.8
457.095,13565.5
457.596,13941.8
458.097,14499.9
458.598,14691.4
459.098,14348.6
459.599,13856.1
460.100,13759.2
460.601,14181.5
461.102,14723.6
461.603,14861.4
462.104,14495.0
462.604,14013.2
463.105,13944.6
463.606,14388.9
464.107,14926.1
464.608,15050.2
465.109,14676.4
465.609,14204.2
466.110,14123.0
466.611,14549.0
467.112,15094.8
467.613,15261.0
468.114,14908.3
468.614,14418.8
469.115,14276.4
469.616,14653.2
470.117,15230.8
470.618,15467.3
471.119,15176.4
471.619,14669.2
472.120,14454.6
472.621,14747.9
473.122,15319.6
473.623,15648.7
474.124,15486.4
474.624,14983.2
475.125,14642.7
475.626,14809.3
476.127,15343.0
476.628,15807.6
477.129,15795.3
477.629,15348.5
478.130,14895.7
478.631,14874.4
479.132,15321.0
479.633,15870.4
480.134,16068.2
480.634,15769.1
481.135,15261.5
481.636,15009.1
482.137,15276.3
482.638,15836.0
483.139,16246.9
483.639,16172.1
484.140,15702.9
484.641,15283.9
485.142,15264.7
485.643,15722.5
486.144,16270.9
486.644,16486.5
487.145,16221.7
487.646,15705.5
488.147,15408.7
488.648,15605.0
489.149,16140.8
489.649,16612.9
490.150,16653.3
490.651,16261.9
491.152,15774.3
491.653,15616.3
492.154,15931.1
492.654,16501.7
493.155,16896.7
493.656,16815.8
494.157,16359.0
494.658,15902.1
495.159,15836.7
495.659,16234.4
496.160,16809.5
496.661,17132.3
497.162,16985.0
497.663,16502.6
498.164,16082.5
498.664,16070.8
499.165,16496.8
499.666,17065.3
500.167,17360.4
500.668,17190.5
501.169,16702.3
501.669,16287.4
502.170,16277.5
502.671,16703.0
503.172,17280.4
503.673,17579.2
504.174,17430.6
504.674,16954.1
505.175,16515.9
505.676,16467.2
506.177,16866.2
506.678,17434.0
507.179,17795.8
507.679,17712.3
508.180,17255.4
508.681,16787.8
509.182,16654.7
509.683,16963.9
510.184,17547.0
510.684,17976.9
511.185,18001.1
511.686,17615.8
512.187,17119.3
512.688,16859.3
513.189,17051.1
513.689,17582.4
514.190,18105.7
514.691,18283.6
515.192,18014.0
515.693,17515.2
516.194,17132.8
516.694,17149.7
517.195,17558.6
517.696,18135.1
518.197,18494.3
518.698,18424.8
519.199,17997.4
519.699,17505.8
520.200,17295.2
520.701,17527.8
521.202,18062.8
521.703,18585.4
522.204,18759.7
522.705,18514.8
523.205,18012.0
523.706,17598.0
524.207,17559.8
524.708,17932.1
525.209,18497.3
525.710,18930.0
526.210,18965.6
526.711,18601.5
527.212,18093.1
527.713,17773.5
528.214,17845.3
528.715,18298.2
529.215,18865.1
529.716,19218.8
530.217,19155.9
530.718,18755.9
531.219,18253.2
531.720,17978.1
532.220,18123.5
532.721,18607.3
533.222,19166.9
533.723,19480.9
534.224,19386.2
534.725,18952.8
535.225,18465.0
535.726,18207.7
536.227,18367.9
536.728,18860.2
537.229,19406.2
537.730,19717.9
538.230,19642.3
538.731,19227.2
539.232,18725.9
539.733,18445.9
540.234,18574.5
540.735,19030.7
541.235,19598.4
541.736,19959.0
542.237,19934.0
542.738,19548.7
543.239,19042.2
543.740,18709.6
544.240,18738.0
544.741,19154.8
545.242,19710.5
545.743,20140.1
546.244,20224.0
546.745,19933.4
547.245,19437.2
547.746,19015.9
548.247,18922.5
548.748,19211.5
549.249,19752.1
549.750,20256.4
550.250,20496.2
550.751,20348.6
551.252,19900.0
551.753,19409.4
552.254,19150.6
552.755,19268.5
553.255,19715.9
553.756,20281.6
554.257,20684.2
554.758,20742.0
555.259,20415.7
555.760,19926.2
556.260,19497.1
556.761,19400.0
557.262,19662.1
557.763,20182.0
558.264,20720.4
558.765,20999.8
559.265,20919.8
559.766,20520.4
560.267,20016.5
560.768,19675.8
561.269,19663.1
561.770,20018.0
562.270,20559.8
562.771,21071.2
563.272,21266.0
563.773,21109.8
564.274,20689.1
564.775,20192.4
565.275,19894.2
565.776,19942.6
566.277,20329.6
566.778,20870.8
567.279,21353.4
567.780,21533.5
568.280,21360.2
568.781,20919.5
569.282,20423.2
569.783,20131.5
570.284,20174.2
570.785,20548.6
571.285,21104.5
571.786,21587.1
572.287,21802.6
572.788,21654.3
573.289,21229.7
573.790,20729.2
574.290,20394.2
574.791,20384.2
575.292,20716.3
575.793,21249.1
576.294,21766.3
576.795,22040.9
577.295,21979.6
577.796,21607.5
578.297,21111.5
578.798,20708.9
579.299,20596.8
579.800,20825.1
580.301,21308.1
580.801,21854.8
581.302,22240.5
581.803,22299.4
582.304,22038.1
582.805,21560.5
583.306,21098.2
583.806,20842.9
584.307,20922.6
584.808,21303.4
585.309,21856.5
585.810,22342.8
586.311,22574.0
586.811,22471.0
587.312,22095.4
587.813,21591.0
588.314,21202.6
588.815,21071.8
589.316,21280.8
589.816,21757.8
590.317,22291.1
590.818,22703.0
591.319,22842.3
591.820,22649.8
592.321,22220.3
592.821,21726.0
593.322,21384.4
593.823,21326.8
594.324,21604.8
594.825,22100.6
595.326,22633.2
595.826,23010.1
596.327,23095.9
596.828,22855.2
597.329,22408.9
597.830,21921.5
598.331,21608.9
598.831,21576.0
599.332,21875.4
599.833,22369.1
600.334,22893.4
600.835,23262.2
601.336,23349.5
601.836,23122.6
602.337,22683.9
602.838,22195.3
603.339,21857.0
603.840,21798.4
604.341,22065.0
604.841,22537.3
605.342,23075.4
605.843,23477.9
606.344,23608.3
606.845,23445.2
607.346,23039.7
607.846,22550.6
608.347,22166.6
608.848,22030.1
609.349,22187.7
609.850,22615.9
610.351,23145.8
610.851,23622.2
611.352,23850.3
611.853,23785.9
612.354,23473.2
612.855,22986.2
613.356,22539.8
613.856,22285.8
614.357,22320.8
614.858,22633.4
615.359,23137.8
615.860,23650.5
616.361,24007.5
616.861,24117.4
617.362,23918.6
617.863,23510.6
618.364,23029.9
618.865,22637.2
619.366,22498.3
619.866,22631.5
620.367,23034.2
620.868,23541.8
621.369,24032.9
621.870,24330.0
622.371,24340.6
622.871,24078.6
623.372,23636.9
623.873,23160.2
624.374,22823.5
624.875,22723.2
625.376,22908.6
625.876,23335.5
626.377,23860.5
626.878,24314.4
627.379,24585.9
627.880,24565.8
628.381,24299.1
628.881,23839.5
629.382,23374.2
629.883,23047.7
630.384,22954.9
630.885,23129.7
631.386,23549.6
631.886,24063.9
632.387,24534.8
632.888,24813.7
633.389,24822.3
633.890,24572.8
634.391,24137.5
634.891,23677.3
635.392,23302.2
635.893,23170.3
636.394,23292.2
636.895,23651.1
637.396,24166.4
637.896,24649.7
638.397,24989.3
638.898,25081.5
639.399,24914.7
639.900,24528.6
640.401,24056.5
640.902,23644.0
641.402,23415.3
641.903,23423.8
642.404,23694.8
642.905,24148.1
643.406,24659.4
643.907,25068.1
644.407,25298.9
644.908,25262.3
645.409,24976.5
645.910,24539.9
646.411,24080.6
646.912,23725.2
647.412,23585.7
647.913,23705.7
648.414,24054.5
648.915,24532.8
649.416,25022.4
649.917,25392.6
650.417,25533.9
650.918,25416.6
651.419,25096.1
651.920,24636.4
652.421,24189.0
652.922,23888.7
653.422,23787.3
653.923,23948.3
654.424,24331.3
654.925,24809.1
655.426,25288.5
655.927,25625.9
656.427,25754.1
656.928,25619.9
657.429,25287.7
657.930,24839.3
658.431,24398.4
658.932,24083.0
659.432,23986.1
659.933,24125.3
660.434,24483.0
660.935,24965.5
661.436,25447.2
661.937,25791.2
662.437,25943.5
662.938,25860.2
663.439,25555.7
663.940,25122.3
664.441,24674.1
664.942,24321.6
665.442,24173.8
665.943,24246.0
666.444,24552.9
666.945,24997.9
667.446,25483.0
667.947,25881.0
668.447,26116.9
668.948,26117.2
669.449,25883.4
669.950,25505.2
670.451,25047.0
670.952,24644.7
671.452,24397.9
671.953,24358.2
672.454,24546.0
672.955,24920.8
673.456,25401.7
673.957,25856.0
674.457,26198.2
674.958,26336.9
675.459,26243.3
675.960,25950.3
676.461,25525.9
676.962,25080.9
677.462,24712.1
677.963,24518.3
678.464,24553.9
678.965,24797.4
679.466,25193.4
679.967,25653.6
680.467,26090.1
680.968,26408.1
681.469,26509.2
681.970,26381.6
682.471,26079.0
682.972,25654.9
683.472,25210.3
683.973,24856.5
684.474,24672.3
684.975,24713.2
685.476,24943.4
685.977,25332.9
686.477,25812.3
686.978,26241.5
687.479,26549.1
687.980,26655.9
688.481,26567.1
688.982,26275.3
689.482,25865.8
689.983,25429.8
690.484,25058.5
690.985,24835.5
691.486,24826.0
691.987,25009.1
692.487,25363.0
692.988,25818.0
693.489,26261.1
693.990,26612.8
694.491,26789.2
694.992,26770.8
695.492,26548.1
695.993,26184.7
696.494,25741.3
696.995,25354.8
697.496,25053.3
697.997,24929.0
698.497,25012.2
698.998,25299.4
699.499,25699.8
700.000,26144.8
