"# SPARTA demo dataset (synthetic)","vis_DEMO_glass_20p1_bg.002"
700.500,25729.7
701.000,26154.0
701.500,26537.7
702.000,26811.4
702.500,26967.9
703.000,26922.0
703.500,26710.5
704.000,26377.6
704.500,26001.9
705.000,25606.3
705.500,25287.0
706.000,25100.9
706.500,25084.2
707.000,25232.8
707.500,25516.3
708.000,25898.8
708.500,26308.4
709.000,26682.5
709.500,26952.8
710.000,27073.6
710.500,27020.3
711.000,26822.8
711.500,26512.3
712.000,26114.9
712.500,25732.8
713.000,25412.8
713.500,25213.6
714.000,25173.0
714.500,25301.9
715.000,25562.7
715.500,25911.7
716.000,26320.9
716.500,26693.8
717.000,26991.2
717.500,27144.3
718.000,27161.6
718.500,27013.9
719.000,26719.0
719.500,26364.7
720.000,25970.3
720.500,25620.7
721.000,25358.5
721.500,25256.0
722.000,25297.0
722.500,25490.2
723.000,25802.4
723.500,26169.7
724.000,26567.8
724.500,26916.6
725.000,27150.7
725.500,27251.2
726.000,27181.8
726.500,26995.7
727.000,26680.2
727.500,26307.8
728.000,25927.2
728.500,25601.4
729.000,25384.6
729.500,25311.8
730.000,25373.8
730.500,25581.4
731.000,25909.5
731.500,26276.9
732.000,26655.7
732.500,26997.6
733.000,27219.0
733.500,27301.8
734.000,27248.2
734.500,27036.4
735.000,26732.9
735.500,26366.3
736.000,25986.9
736.500,25676.5
737.000,25434.2
737.500,25333.2
738.000,25388.7
738.500,25573.9
739.000,25874.3
739.500,26221.1
740.000,26604.8
740.500,26935.7
741.000,27181.7
741.500,27305.6
742.000,27297.2
742.500,27151.2
743.000,26885.5
743.500,26540.4
744.000,26160.4
744.500,25811.3
745.000,25543.2
745.500,25385.4
746.000,25355.6
746.500,25458.7
747.000,25691.7
747.500,26030.7
748.000,26383.9
748.500,26737.8
749.000,27044.1
749.500,27253.4
750.000,27315.9
750.500,27268.3
751.000,27087.5
751.500,26800.8
752.000,26453.3
752.500,26075.5
753.000,25755.1
753.500,25498.6
754.000,25363.0
754.500,25341.9
755.000,25468.8
755.500,25702.9
756.000,26018.3
756.500,26367.4
757.000,26714.6
757.500,27014.0
758.000,27200.6
758.500,27284.4
759.000,27229.9
759.500,27067.2
760.000,26803.8
760.500,26464.2
761.000,26097.3
761.500,25771.2
762.000,25505.8
762.500,25337.3
763.000,25298.4
763.500,25374.3
764.000,25568.9
764.500,25848.9
765.000,26188.1
765.500,26522.9
766.000,26844.8
766.500,27063.7
767.000,27202.1
767.500,27214.6
768.000,27096.2
768.500,26882.2
769.000,26579.8
769.500,26235.0
770.000,25885.8
770.500,25581.6
771.000,25357.7
771.500,25230.2
772.000,25238.2
772.500,25342.8
773.000,25556.2
773.500,25852.1
774.000,26189.5
774.500,26503.7
775.000,26794.2
775.500,27005.1
776.000,27122.5
776.500,27106.7
777.000,26990.3
777.500,26753.6
778.000,26453.3
778.500,26126.5
779.000,25786.8
779.500,25476.8
780.000,25261.7
780.500,25131.8
781.000,25114.9
781.500,25213.1
782.000,25397.9
782.500,25687.2
783.000,25997.1
783.500,26324.4
784.000,26618.7
784.500,26844.1
785.000,26963.9
785.500,26986.9
786.000,26898.1
786.500,26701.1
787.000,26444.3
787.500,26114.6
788.000,25775.8
788.500,25467.4
789.000,25204.3
789.500,25032.7
790.000,24958.2
790.500,24998.5
791.000,25145.7
791.500,25371.1
792.000,25642.9
792.500,25973.5
793.000,26268.3
793.500,26540.2
794.000,26713.6
794.500,26809.4
795.000,26796.3
795.500,26684.3
796.000,26489.4
796.500,26211.0
797.000,25883.7
797.500,25555.3
798.000,25260.5
798.500,25014.6
799.000,24855.8
799.500,24781.1
800.000,24825.6
800.500,24956.6
801.000,25171.8
801.500,25450.1
802.000,25749.8
802.500,26048.8
803.000,26294.0
803.500,26494.5
804.000,26584.7
804.500,26592.8
805.000,26508.8
805.500,26313.2
806.000,26058.5
806.500,25759.2
807.000,25443.9
807.500,25142.2
808.000,24876.9
808.500,24682.5
809.000,24583.9
809.500,24582.0
810.000,24668.9
810.500,24851.8
811.000,25079.9
811.500,25372.0
812.000,25646.3
812.500,25914.6
813.000,26139.3
813.500,26284.0
814.000,26351.8
814.500,26320.2
815.000,26195.3
815.500,26004.4
816.000,25738.7
816.500,25437.3
817.000,25115.8
817.500,24831.9
818.000,24585.7
818.500,24419.5
819.000,24336.3
819.500,24327.6
820.000,24414.3
820.500,24584.7
821.000,24822.5
821.500,25088.5
822.000,25367.6
822.500,25625.5
823.000,25835.8
823.500,25990.4
824.000,26053.1
824.500,26032.8
825.000,25929.8
825.500,25737.7
826.000,25496.6
826.500,25200.5
827.000,24904.8
827.500,24615.3
828.000,24360.2
828.500,24174.5
829.000,24063.3
829.500,24020.8
830.000,24074.6
830.500,24198.6
831.000,24411.8
831.500,24637.9
832.000,24910.1
832.500,25166.4
833.000,25391.7
833.500,25564.2
834.000,25679.9
834.500,25713.7
835.000,25667.1
835.500,25533.7
836.000,25336.0
836.500,25079.2
837.000,24794.7
837.500,24487.3
838.000,24219.8
838.500,23986.1
839.000,23804.5
839.500,23702.6
840.000,23678.7
840.500,23725.3
841.000,23866.2
841.500,24057.0
842.000,24291.3
842.500,24533.0
843.000,24780.1
843.500,24999.9
844.000,25174.8
844.500,25295.3
845.000,25333.7
845.500,25283.0
846.000,25169.5
846.500,24998.9
847.000,24759.1
847.500,24478.7
848.000,24205.1
848.500,23923.2
849.000,23681.3
849.500,23496.2
850.000,23356.9
850.500,23300.0
851.000,23312.9
851.500,23412.0
852.000,23564.0
852.500,23748.8
853.000,23988.9
853.500,24229.3
854.000,24453.2
854.500,24652.9
855.000,24799.6
855.500,24876.0
856.000,24881.5
856.500,24827.2
857.000,24698.4
857.500,24504.7
858.000,24268.3
858.500,23999.4
859.000,23729.2
859.500,23468.4
860.000,23234.8
860.500,23047.8
861.000,22926.9
861.500,22877.4
862.000,22883.5
862.500,22973.6
863.000,23119.8
863.500,23293.6
864.000,23510.2
864.500,23737.6
865.000,23949.4
865.500,24137.8
866.000,24298.1
866.500,24382.3
867.000,24402.7
867.500,24366.4
868.000,24249.0
868.500,24088.1
869.000,23879.3
869.500,23623.8
870.000,23359.6
870.500,23101.9
871.000,22861.4
871.500,22667.8
872.000,22513.5
872.500,22412.6
873.000,22389.6
873.500,22437.7
874.000,22530.9
874.500,22688.3
875.000,22874.7
875.500,23082.8
876.000,23302.6
876.500,23491.3
877.000,23665.1
877.500,23792.7
878.000,23867.0
878.500,23870.7
879.000,23816.8
879.500,23700.4
880.000,23544.0
880.500,23322.1
881.000,23091.9
881.500,22847.2
882.000,22587.6
882.500,22356.8
883.000,22157.5
883.500,22010.0
884.000,21912.1
884.500,21878.1
885.000,21907.4
885.500,21981.1
886.000,22111.4
886.500,22285.2
887.000,22474.3
887.500,22671.2
888.000,22868.1
888.500,23035.0
889.000,23163.8
889.500,23257.6
890.000,23292.1
890.500,23266.9
891.000,23189.3
891.500,23042.7
892.000,22863.4
892.500,22651.1
893.000,22418.3
893.500,22182.3
894.000,21938.6
894.500,21726.7
895.000,21548.9
895.500,21419.9
896.000,21339.7
896.500,21308.4
897.000,21348.5
897.500,21431.4
898.000,21551.3
898.500,21705.2
899.000,21892.7
899.500,22085.7
900.000,22262.2
900.500,22421.9
901.000,22538.0
901.500,22626.2
902.000,22657.0
902.500,22643.8
903.000,22563.3
903.500,22438.0
904.000,22267.8
904.500,22069.5
905.000,21852.7
905.500,21607.8
906.000,21383.7
906.500,21171.2
907.000,20987.3
907.500,20841.4
908.000,20750.2
908.500,20702.9
909.000,20710.8
909.500,20764.6
910.000,20861.6
910.500,20984.0
911.000,21154.1
911.500,21329.8
912.000,21490.8
912.500,21656.3
913.000,21797.1
913.500,21897.2
914.000,21961.4
914.500,21975.8
915.000,21935.1
915.500,21867.2
916.000,21731.5
916.500,21560.9
917.000,21369.3
917.500,21151.9
918.000,20936.4
918.500,20711.3
919.000,20522.4
919.500,20332.5
920.000,20194.9
920.500,20098.4
921.000,20046.6
921.500,20048.5
922.000,20090.2
922.500,20178.0
923.000,20287.3
923.500,20435.9
924.000,20586.6
924.500,20747.5
925.000,20898.8
925.500,21037.2
926.000,21144.2
926.500,21207.8
927.000,21253.2
927.500,21235.5
928.000,21163.2
928.500,21063.2
929.000,20926.7
929.500,20752.3
930.000,20562.8
930.500,20352.2
931.000,20127.8
931.500,19941.0
932.000,19749.1
932.500,19594.3
933.000,19464.6
933.500,19387.8
934.000,19344.2
934.500,19344.5
935.000,19385.3
935.500,19473.2
936.000,19577.5
936.500,19712.2
937.000,19854.2
937.500,20005.4
938.000,20144.0
938.500,20271.0
939.000,20380.4
939.500,20439.4
940.000,20465.8
940.500,20450.6
941.000,20405.3
941.500,20313.3
942.000,20180.2
942.500,20033.0
943.000,19851.8
943.500,19651.8
944.000,19458.4
944.500,19259.2
945.000,19080.5
945.500,18911.0
946.000,18781.3
946.500,18683.2
947.000,18618.9
947.500,18596.0
948.000,18613.3
948.500,18665.2
949.000,18750.4
949.500,18851.8
950.000,18979.1
950.500,19115.7
951.000,19248.3
951.500,19377.6
952.000,19482.5
952.500,19563.4
953.000,19628.6
953.500,19642.3
954.000,19626.9
954.500,19576.8
955.000,19486.6
955.500,19361.4
956.000,19222.2
956.500,19050.9
957.000,18859.3
957.500,18671.5
958.000,18492.6
958.500,18314.3
959.000,18154.7
959.500,18020.0
960.000,17919.8
960.500,17844.9
961.000,17813.5
961.500,17819.4
962.000,17845.4
962.500,17908.5
963.000,18005.8
963.500,18107.4
964.000,18226.0
964.500,18352.9
965.000,18470.2
965.500,18579.4
966.000,18672.0
966.500,18735.2
967.000,18773.1
967.500,18778.4
968.000,18751.5
968.500,18686.9
969.000,18589.7
969.500,18464.3
970.000,18322.4
970.500,18166.4
971.000,17995.3
971.500,17809.7
972.000,17639.1
972.500,17475.4
973.000,17325.1
973.500,17205.4
974.000,17103.4
974.500,17027.3
975.000,17001.1
975.500,16984.4
976.000,17012.4
976.500,17056.6
977.000,17141.2
977.500,17239.0
978.000,17343.8
978.500,17455.6
979.000,17556.8
979.500,17653.7
980.000,17743.8
980.500,17818.0
981.000,17853.4
981.500,17880.6
982.000,17863.8
982.500,17819.1
983.000,17750.0
983.500,17639.9
984.000,17526.1
984.500,17384.8
985.000,17221.4
985.500,17054.4
986.000,16894.3
986.500,16726.1
987.000,16574.7
987.500,16447.7
988.000,16319.2
988.500,16245.0
989.000,16168.4
989.500,16132.3
990.000,16126.6
990.500,16150.0
991.000,16191.9
991.500,16253.6
992.000,16338.5
992.500,16440.0
993.000,16532.8
993.500,16633.7
994.000,16731.0
994.500,16805.6
995.000,16875.0
995.500,16919.8
996.000,16935.9
996.500,16930.2
997.000,16891.0
997.500,16840.0
998.000,16755.9
998.500,16644.4
999.000,16526.3
999.500,16375.4
1000.000,16232.1
