"# SPARTA demo dataset (synthetic)","vis_DEMO_glass_12p8_bg.002"
700.500,26559.1
701.000,26830.5
701.500,26939.0
702.000,26834.5
702.500,26561.1
703.000,26161.2
703.500,25741.9
704.000,25350.3
704.500,25115.2
705.000,25042.5
705.500,25175.5
706.000,25480.1
706.500,25894.8
707.000,26337.4
707.500,26718.1
708.000,26972.0
708.500,27044.8
709.000,26940.4
709.500,26660.8
710.000,26257.8
710.500,25836.9
711.000,25466.1
711.500,25216.1
712.000,25138.9
712.500,25259.8
713.000,25541.6
713.500,25933.2
714.000,26381.4
714.500,26763.8
715.000,27050.6
715.500,27146.8
716.000,27070.2
716.500,26826.0
717.000,26447.9
717.500,26047.4
718.000,25646.8
718.500,25356.3
719.000,25219.3
719.500,25280.2
720.000,25502.1
720.500,25862.8
721.000,26278.6
721.500,26681.4
722.000,27015.3
722.500,27193.0
723.000,27208.6
723.500,27045.3
724.000,26722.1
724.500,26341.7
725.000,25914.4
725.500,25580.0
726.000,25349.0
726.500,25288.6
727.000,25404.7
727.500,25683.4
728.000,26048.6
728.500,26464.3
729.000,26842.3
729.500,27134.4
730.000,27268.8
730.500,27244.2
731.000,27035.6
731.500,26713.6
732.000,26316.0
732.500,25915.5
733.000,25590.9
733.500,25376.2
734.000,25328.6
734.500,25443.8
735.000,25719.5
735.500,26097.1
736.000,26496.1
736.500,26876.4
737.000,27173.2
737.500,27308.0
738.000,27288.4
738.500,27106.2
739.000,26794.2
739.500,26409.7
740.000,26009.1
740.500,25665.3
741.000,25436.6
741.500,25346.2
742.000,25435.9
742.500,25654.6
743.000,25994.7
743.500,26391.9
744.000,26775.7
744.500,27100.4
745.000,27290.4
745.500,27315.3
746.000,27191.7
746.500,26943.8
747.000,26593.9
747.500,26196.6
748.000,25822.1
748.500,25536.3
749.000,25377.9
749.500,25356.4
750.000,25507.1
750.500,25777.4
751.000,26137.9
751.500,26531.1
752.000,26889.2
752.500,27150.0
753.000,27292.9
753.500,27294.7
754.000,27136.6
754.500,26846.5
755.000,26486.3
755.500,26085.0
756.000,25749.7
756.500,25473.8
757.000,25347.9
757.500,25348.6
758.000,25500.8
758.500,25769.1
759.000,26128.7
759.500,26497.2
760.000,26854.6
760.500,27119.3
761.000,27252.2
761.500,27255.6
762.000,27104.3
762.500,26841.1
763.000,26492.7
763.500,26105.3
764.000,25751.4
764.500,25462.0
765.000,25311.3
765.500,25273.2
766.000,25401.0
766.500,25637.6
767.000,25952.4
767.500,26329.3
768.000,26677.9
768.500,26973.0
769.000,27155.6
769.500,27207.0
770.000,27113.0
770.500,26888.7
771.000,26585.3
771.500,26212.4
772.000,25848.7
772.500,25523.2
773.000,25311.0
773.500,25204.0
774.000,25234.3
774.500,25397.4
775.000,25665.3
775.500,26008.7
776.000,26359.6
776.500,26689.5
777.000,26937.3
777.500,27085.3
778.000,27092.3
778.500,26980.5
779.000,26754.7
779.500,26415.1
780.000,26052.3
780.500,25698.5
781.000,25395.6
781.500,25178.1
782.000,25093.1
782.500,25134.7
783.000,25283.1
783.500,25545.8
784.000,25873.9
784.500,26229.8
785.000,26539.9
785.500,26802.7
786.000,26939.5
786.500,26972.3
787.000,26863.5
787.500,26655.9
788.000,26348.6
788.500,25998.5
789.000,25648.7
789.500,25330.1
790.000,25093.4
790.500,24969.3
791.000,24968.4
791.500,25090.0
792.000,25308.0
792.500,25604.6
793.000,25925.6
793.500,26268.9
794.000,26526.8
794.500,26737.2
795.000,26813.8
795.500,26779.7
796.000,26613.1
796.500,26352.3
797.000,26044.8
797.500,25687.2
798.000,25352.7
798.500,25075.4
799.000,24870.4
799.500,24797.3
800.000,24812.8
800.500,24965.7
801.000,25193.6
801.500,25503.1
802.000,25824.9
802.500,26136.7
803.000,26381.8
803.500,26555.5
804.000,26620.6
804.500,26560.8
805.000,26392.6
805.500,26147.7
806.000,25825.2
806.500,25491.6
807.000,25156.2
807.500,24882.9
808.000,24691.1
808.500,24590.2
809.000,24615.5
809.500,24733.8
810.000,24950.3
810.500,25229.7
811.000,25542.7
811.500,25841.1
812.000,26097.7
812.500,26283.8
813.000,26374.4
813.500,26358.7
814.000,26219.2
814.500,26000.5
815.000,25723.3
815.500,25398.9
816.000,25062.7
816.500,24764.5
817.000,24531.2
817.500,24397.4
818.000,24354.1
818.500,24422.4
819.000,24583.4
819.500,24813.3
820.000,25095.5
820.500,25403.5
821.000,25678.8
821.500,25906.1
822.000,26059.6
822.500,26109.3
823.000,26058.3
823.500,25902.6
824.000,25685.0
824.500,25380.1
825.000,25062.9
825.500,24741.0
826.000,24458.9
826.500,24249.0
827.000,24111.3
827.500,24079.2
828.000,24153.2
828.500,24307.4
829.000,24526.5
829.500,24795.9
830.000,25093.8
830.500,25363.8
831.000,25590.3
831.500,25741.5
832.000,25794.9
832.500,25760.6
833.000,25623.0
833.500,25411.1
834.000,25139.4
834.500,24838.4
835.000,24527.5
835.500,24240.2
836.000,23999.6
836.500,23850.4
837.000,23780.9
837.500,23798.6
838.000,23918.4
838.500,24109.4
839.000,24353.6
839.500,24619.2
840.000,24882.9
840.500,25127.5
841.000,25324.7
841.500,25414.4
842.000,25451.8
842.500,25371.6
843.000,25215.1
843.500,24990.7
844.000,24709.7
844.500,24398.4
845.000,24095.7
845.500,23837.1
846.000,23614.1
846.500,23487.4
847.000,23429.3
847.500,23473.5
848.000,23581.6
848.500,23765.4
849.000,24008.6
849.500,24270.3
850.000,24527.3
850.500,24746.8
851.000,24926.7
851.500,25033.9
852.000,25057.1
852.500,24982.2
853.000,24841.1
853.500,24625.4
854.000,24356.8
854.500,24064.5
855.000,23785.7
855.500,23511.6
856.000,23285.9
856.500,23122.1
857.000,23060.6
857.500,23060.1
858.000,23155.4
858.500,23299.8
859.000,23508.6
859.500,23747.7
860.000,24001.4
860.500,24233.9
861.000,24419.9
861.500,24554.4
862.000,24618.3
862.500,24609.1
863.000,24503.5
863.500,24341.9
864.000,24111.4
864.500,23838.3
865.000,23555.6
865.500,23269.5
866.000,23020.9
866.500,22820.3
867.000,22687.3
867.500,22623.6
868.000,22637.3
868.500,22728.4
869.000,22893.8
869.500,23087.6
870.000,23322.7
870.500,23552.5
871.000,23773.2
871.500,23956.1
872.000,24084.4
872.500,24142.0
873.000,24116.9
873.500,24044.5
874.000,23879.7
874.500,23674.8
875.000,23413.2
875.500,23144.5
876.000,22865.1
876.500,22623.2
877.000,22401.0
877.500,22264.5
878.000,22168.5
878.500,22162.5
879.000,22228.9
879.500,22358.3
880.000,22524.4
880.500,22737.0
881.000,22953.9
881.500,23181.2
882.000,23362.7
882.500,23512.6
883.000,23598.0
883.500,23627.7
884.000,23583.0
884.500,23463.2
885.000,23289.6
885.500,23071.6
886.000,22818.2
886.500,22542.2
887.000,22296.6
887.500,22051.3
888.000,21868.9
888.500,21734.7
889.000,21665.1
889.500,21664.5
890.000,21728.1
890.500,21850.3
891.000,22010.7
891.500,22213.0
892.000,22425.0
892.500,22622.0
893.000,22813.6
893.500,22951.1
894.000,23031.9
894.500,23061.3
895.000,23028.3
895.500,22925.1
896.000,22762.1
896.500,22559.9
897.000,22324.8
897.500,22069.2
898.000,21813.6
898.500,21580.0
899.000,21381.9
899.500,21232.1
900.000,21136.3
900.500,21122.0
901.000,21147.2
901.500,21235.1
902.000,21377.9
902.500,21544.3
903.000,21730.2
903.500,21935.9
904.000,22120.3
904.500,22280.8
905.000,22384.3
905.500,22448.8
906.000,22457.6
906.500,22395.8
907.000,22285.3
907.500,22108.4
908.000,21905.9
908.500,21675.1
909.000,21434.0
909.500,21182.6
910.000,20971.1
910.500,20788.0
911.000,20639.5
911.500,20562.9
912.000,20531.7
912.500,20558.7
913.000,20638.4
913.500,20758.3
914.000,20922.6
914.500,21103.9
915.000,21290.7
915.500,21464.1
916.000,21622.9
916.500,21726.1
917.000,21795.1
917.500,21807.1
918.000,21762.9
918.500,21673.0
919.000,21530.4
919.500,21331.1
920.000,21120.6
920.500,20886.9
921.000,20661.5
921.500,20443.6
922.000,20249.5
922.500,20083.8
923.000,19971.3
923.500,19922.3
924.000,19913.9
924.500,19957.1
925.000,20054.6
925.500,20179.2
926.000,20323.8
926.500,20498.8
927.000,20673.3
927.500,20821.2
928.000,20960.9
928.500,21058.1
929.000,21100.1
929.500,21111.4
930.000,21065.3
930.500,20961.9
931.000,20823.1
931.500,20648.6
932.000,20435.5
932.500,20217.7
933.000,19999.1
933.500,19780.0
934.000,19594.3
934.500,19446.3
935.000,19325.9
935.500,19264.1
936.000,19241.6
936.500,19275.9
937.000,19346.0
937.500,19464.7
938.000,19596.5
938.500,19757.2
939.000,19913.4
939.500,20062.5
940.000,20202.5
940.500,20302.6
941.000,20358.0
941.500,20391.9
942.000,20351.7
942.500,20287.3
943.000,20181.1
943.500,20014.8
944.000,19838.1
944.500,19640.7
945.000,19423.5
945.500,19224.4
946.000,19027.9
946.500,18851.7
947.000,18713.3
947.500,18622.3
948.000,18555.4
948.500,18545.9
949.000,18582.2
949.500,18652.6
950.000,18760.9
950.500,18876.6
951.000,19025.9
951.500,19164.5
952.000,19300.4
952.500,19436.5
953.000,19530.7
953.500,19593.9
954.000,19618.7
954.500,19594.7
955.000,19534.8
955.500,19437.2
956.000,19292.8
956.500,19132.3
957.000,18934.7
957.500,18737.6
958.000,18544.3
958.500,18351.7
959.000,18182.0
959.500,18033.9
960.000,17925.7
960.500,17843.5
961.000,17814.8
961.500,17821.5
962.000,17864.2
962.500,17949.7
963.000,18056.0
963.500,18177.0
964.000,18309.3
964.500,18439.1
965.000,18565.3
965.500,18666.8
966.000,18753.1
966.500,18796.0
967.000,18806.5
967.500,18774.9
968.000,18720.1
968.500,18615.4
969.000,18472.8
969.500,18320.5
970.000,18148.9
970.500,17955.7
971.000,17769.6
971.500,17587.8
972.000,17418.5
972.500,17278.8
973.000,17166.7
973.500,17092.1
974.000,17054.0
974.500,17049.0
975.000,17082.4
975.500,17134.5
976.000,17235.8
976.500,17340.2
977.000,17461.4
977.500,17584.1
978.000,17701.7
978.500,17800.7
979.000,17879.8
979.500,17945.3
980.000,17966.3
980.500,17954.2
981.000,17923.7
981.500,17836.8
982.000,17722.7
982.500,17590.4
983.000,17434.0
983.500,17267.8
984.000,17080.1
984.500,16908.4
985.000,16737.5
985.500,16590.4
986.000,16466.1
986.500,16358.1
987.000,16290.5
987.500,16256.5
988.000,16255.5
988.500,16276.5
989.000,16335.5
989.500,16418.0
990.000,16516.2
990.500,16620.2
991.000,16722.5
991.500,16836.7
992.000,16936.9
992.500,17012.6
993.000,17071.9
993.500,17090.0
994.000,17091.1
994.500,17054.4
995.000,16996.3
995.500,16900.5
996.000,16780.6
996.500,16635.6
997.000,16481.3
997.500,16316.8
998.000,16147.7
998.500,15987.1
999.000,15830.3
999.500,15701.1
1000.000,15594.7
