"# SPARTA demo dataset (synthetic)","vis_DEMO_glass_20p1.001"
400.000,337.1
400.501,338.3
401.002,343.8
401.503,340.6
402.003,340.2
402.504,341.1
403.005,340.0
403.506,341.1
404.007,337.6
404.508,342.6
405.008,340.9
405.509,334.7
406.010,335.0
406.511,339.7
407.012,338.7
407.513,341.9
408.013,341.5
408.514,343.4
409.015,338.8
409.516,341.2
410.017,335.4
410.518,337.1
411.018,338.5
411.519,339.1
412.020,345.8
412.521,342.6
413.022,341.1
413.523,339.8
414.023,342.8
414.524,342.7
415.025,336.1
415.526,339.3
416.027,342.0
416.528,340.0
417.028,342.7
417.529,345.3
418.030,341.4
418.531,337.1
419.032,340.1
419.533,339.2
420.033,337.4
420.534,338.1
421.035,339.8
421.536,343.2
422.037,340.5
422.538,340.2
423.038,342.7
423.539,341.4
424.040,337.9
424.541,340.7
425.042,341.4
425.543,337.8
426.043,341.9
426.544,342.6
427.045,344.3
427.546,341.0
428.047,342.2
428.548,339.7
429.048,341.0
429.549,340.6
430.050,339.5
430.551,336.2
431.052,342.0
431.553,339.1
432.053,337.5
432.554,344.4
433.055,339.0
433.556,337.9
434.057,341.1
434.558,334.9
435.058,339.4
435.559,337.3
436.060,336.4
436.561,340.1
437.062,335.4
437.563,340.4
438.063,338.3
438.564,340.8
439.065,342.7
439.566,341.7
440.067,338.9
440.568,336.3
441.068,339.4
441.569,339.6
442.070,341.1
442.571,336.3
443.072,340.9
443.573,338.8
444.073,339.6
444.574,342.2
445.075,346.3
445.576,338.1
446.077,347.5
446.578,343.5
447.078,339.9
447.579,342.9
448.080,339.2
448.581,335.4
449.082,342.5
449.583,338.2
450.083,343.2
450.584,337.0
451.085,341.5
451.586,340.0
452.087,340.0
452.588,338.4
453.088,340.8
453.589,342.6
454.090,339.3
454.591,342.7
455.092,339.1
455.593,340.6
456.093,337.0
456.594,337.2
457.095,344.1
457.596,341.3
458.097,342.1
458.598,338.2
459.098,342.1
459.599,339.2
460.100,343.9
460.601,341.9
461.102,341.1
461.603,337.9
462.104,340.4
462.604,340.9
463.105,341.0
463.606,340.2
464.107,343.3
464.608,340.4
465.109,338.8
465.609,339.9
466.110,344.6
466.611,336.6
467.112,342.2
467.613,338.9
468.114,337.5
468.614,338.0
469.115,342.3
469.616,340.1
470.117,341.3
470.618,338.3
471.119,342.6
471.619,336.8
472.120,336.8
472.621,337.8
473.122,340.8
473.623,342.4
474.124,343.3
474.624,340.9
475.125,345.1
475.626,336.3
476.127,344.6
476.628,344.6
477.129,334.8
477.629,336.0
478.130,341.8
478.631,335.8
479.132,339.6
479.633,342.1
480.134,338.5
480.634,342.3
481.135,341.5
481.636,340.8
482.137,335.0
482.638,336.8
483.139,339.9
483.639,334.8
484.140,340.4
484.641,337.3
485.142,338.0
485.643,343.6
486.144,344.1
486.644,338.4
487.145,341.5
487.646,341.1
488.147,338.0
488.648,344.1
489.149,340.5
489.649,342.3
490.150,341.5
490.651,342.6
491.152,341.6
491.653,341.1
492.154,340.6
492.654,343.1
493.155,339.3
493.656,339.3
494.157,337.3
494.658,342.7
495.159,347.0
495.659,340.3
496.160,339.3
496.661,340.4
497.162,343.9
497.663,343.5
498.164,339.4
498.664,340.2
499.165,341.3
499.666,340.1
500.167,336.8
500.668,340.9
501.169,339.4
501.669,342.3
502.170,335.6
502.671,337.9
503.172,341.7
503.673,344.2
504.174,341.5
504.674,340.2
505.175,341.9
505.676,341.1
506.177,340.0
506.678,340.4
507.179,338.9
507.679,337.5
508.180,343.3
508.681,336.2
509.182,344.9
509.683,336.0
510.184,342.0
510.684,341.1
511.185,342.8
511.686,340.5
512.187,339.6
512.688,337.1
513.189,341.5
513.689,342.1
514.190,342.0
514.691,337.8
515.192,342.5
515.693,339.7
516.194,341.4
516.694,337.5
517.195,340.4
517.696,342.1
518.197,342.0
518.698,341.4
519.199,340.2
519.699,344.5
520.200,340.4
520.701,341.5
521.202,339.1
521.703,338.4
522.204,341.4
522.705,343.3
523.205,339.2
523.706,339.8
524.207,340.7
524.708,340.3
525.209,341.2
525.710,343.0
526.210,343.4
526.711,336.0
527.212,336.7
527.713,339.1
528.214,337.5
528.715,335.4
529.215,341.9
529.716,340.3
530.217,340.2
530.718,340.6
531.219,340.0
531.720,339.2
532.220,339.9
532.721,341.5
533.222,339.3
533.723,343.2
534.224,336.4
534.725,343.3
535.225,342.9
535.726,340.2
536.227,340.5
536.728,340.5
537.229,343.8
537.730,340.7
538.230,336.6
538.731,335.0
539.232,341.4
539.733,335.0
540.234,339.6
540.735,340.7
541.235,340.6
541.736,339.9
542.237,338.7
542.738,340.3
543.239,340.5
543.740,338.9
544.240,340.7
544.741,343.4
545.242,344.9
545.743,343.1
546.244,343.4
546.745,338.2
547.245,338.1
547.746,337.3
548.247,335.7
548.748,339.3
549.249,339.2
549.750,343.2
550.250,343.4
550.751,338.3
551.252,336.9
551.753,335.9
552.254,340.1
552.755,339.2
553.255,344.3
553.756,342.8
554.257,341.1
554.758,342.5
555.259,339.9
555.760,345.0
556.260,336.5
556.761,341.3
557.262,335.2
557.763,341.1
558.264,347.2
558.765,339.6
559.265,343.9
559.766,341.0
560.267,342.1
560.768,339.1
561.269,340.3
561.770,339.5
562.270,340.0
562.771,344.0
563.272,336.5
563.773,338.6
564.274,338.8
564.775,340.0
565.275,337.4
565.776,337.4
566.277,341.5
566.778,343.1
567.279,341.5
567.780,339.3
568.280,341.0
568.781,343.6
569.282,339.3
569.783,342.1
570.284,338.2
570.785,344.5
571.285,340.0
571.786,338.2
572.287,346.4
572.788,342.6
573.289,340.0
573.790,338.6
574.290,343.9
574.791,344.3
575.292,342.9
575.793,341.7
576.294,343.3
576.795,337.9
577.295,342.0
577.796,340.7
578.297,334.9
578.798,341.4
579.299,340.3
579.800,342.7
580.301,340.7
580.801,342.1
581.302,339.1
581.803,340.5
582.304,339.7
582.805,337.1
583.306,340.2
583.806,339.4
584.307,341.2
584.808,340.7
585.309,341.7
585.810,340.5
586.311,341.9
586.811,341.3
587.312,340.7
587.813,335.4
588.314,335.4
588.815,339.7
589.316,339.5
589.816,341.1
590.317,338.4
590.818,339.3
591.319,341.6
591.820,343.0
592.321,342.3
592.821,340.2
593.322,338.2
593.823,343.7
594.324,336.3
594.825,338.0
595.326,341.6
595.826,339.4
596.327,337.2
596.828,336.1
597.329,343.6
597.830,338.9
598.331,342.7
598.831,339.8
599.332,340.8
599.833,341.4
600.334,344.1
600.835,340.8
601.336,342.1
601.836,342.6
602.337,343.1
602.838,341.4
603.339,337.3
603.840,341.4
604.341,340.1
604.841,336.4
605.342,340.0
605.843,340.9
606.344,337.8
606.845,345.0
607.346,341.9
607.846,339.9
608.347,338.5
608.848,336.3
609.349,335.7
609.850,335.5
610.351,341.6
610.851,343.2
611.352,337.4
611.853,340.3
612.354,341.0
612.855,342.5
613.356,341.0
613.856,342.6
614.357,339.7
614.858,341.7
615.359,339.8
615.860,342.2
616.361,339.2
616.861,341.0
617.362,340.0
617.863,342.5
618.364,340.9
618.865,340.5
619.366,340.7
619.866,337.3
620.367,341.8
620.868,343.9
621.369,342.6
621.870,341.1
622.371,341.1
622.871,336.8
623.372,339.6
623.873,340.1
624.374,337.5
624.875,338.8
625.376,339.9
625.876,340.2
626.377,339.2
626.878,341.0
627.379,337.0
627.880,343.2
628.381,345.8
628.881,341.9
629.382,340.9
629.883,342.0
630.384,341.7
630.885,342.0
631.386,340.6
631.886,341.3
632.387,337.1
632.888,334.5
633.389,335.8
633.890,342.1
634.391,339.1
634.891,341.0
635.392,344.1
635.893,340.4
636.394,339.0
636.895,337.7
637.396,341.3
637.896,338.3
638.397,343.5
638.898,342.0
639.399,338.4
639.900,338.1
640.401,338.4
640.902,338.7
641.402,341.7
641.903,336.3
642.404,337.2
642.905,338.6
643.406,342.6
643.907,338.3
644.407,338.2
644.908,342.9
645.409,346.0
645.910,339.9
646.411,339.5
646.912,340.7
647.412,345.5
647.913,341.7
648.414,340.6
648.915,337.7
649.416,337.3
649.917,340.4
650.417,343.5
650.918,337.9
651.419,340.7
651.920,336.9
652.421,336.8
652.922,335.8
653.422,342.2
653.923,342.0
654.424,335.1
654.925,340.0
655.426,339.4
655.927,339.8
656.427,340.1
656.928,344.0
657.429,340.2
657.930,338.6
658.431,342.4
658.932,341.6
659.432,342.2
659.933,337.2
660.434,337.4
660.935,342.1
661.436,340.7
661.937,337.1
662.437,339.3
662.938,339.1
663.439,338.6
663.940,337.9
664.441,342.4
664.942,340.6
665.442,338.4
665.943,339.5
666.444,341.2
666.945,345.9
667.446,344.9
667.947,345.3
668.447,340.3
668.948,336.6
669.449,340.9
669.950,339.3
670.451,337.9
670.952,335.8
671.452,341.1
671.953,339.7
672.454,342.9
672.955,340.5
673.456,338.8
673.957,342.4
674.457,337.4
674.958,338.4
675.459,339.0
675.960,339.7
676.461,339.8
676.962,338.1
677.462,340.9
677.963,340.0
678.464,340.4
678.965,340.6
679.466,344.1
679.967,342.5
680.467,337.9
680.968,336.5
681.469,340.0
681.970,339.5
682.471,341.8
682.972,339.2
683.472,338.1
683.973,339.8
684.474,339.7
684.975,342.4
685.476,342.8
685.977,340.4
686.477,339.1
686.978,341.8
687.479,341.0
687.980,339.1
688.481,338.9
688.982,340.7
689.482,341.2
689.983,344.5
690.484,336.5
690.985,340.4
691.486,337.8
691.987,340.6
692.487,339.4
692.988,340.5
693.489,342.7
693.990,342.5
694.491,342.3
694.992,338.5
695.492,347.3
695.993,341.8
696.494,339.5
696.995,339.0
697.496,342.1
697.997,340.6
698.497,341.5
698.998,338.8
699.499,344.7
700.000,343.5
