"# SPARTA demo dataset (synthetic)","vis_DEMO_glass_8p4_bg_D.002"
700.500,25417.0
701.000,25823.6
701.500,26267.2
702.000,26632.9
702.500,26890.0
703.000,26965.6
703.500,26858.5
704.000,26577.2
704.500,26178.7
705.000,25773.3
705.500,25407.5
706.000,25153.2
706.500,25060.4
707.000,25170.1
707.500,25434.4
708.000,25813.4
708.500,26252.9
709.000,26654.0
709.500,26937.0
710.000,27070.6
710.500,27019.2
711.000,26800.9
711.500,26458.2
712.000,26052.9
712.500,25659.9
713.000,25349.0
713.500,25172.8
714.000,25193.5
714.500,25369.5
715.000,25685.9
715.500,26098.6
716.000,26514.6
716.500,26864.0
717.000,27091.6
717.500,27180.0
718.000,27065.0
718.500,26812.3
719.000,26432.0
719.500,26031.9
720.000,25664.0
720.500,25382.0
721.000,25248.1
721.500,25282.9
722.000,25494.8
722.500,25814.2
723.000,26217.3
723.500,26627.3
724.000,26961.0
724.500,27190.8
725.000,27242.7
725.500,27130.1
726.000,26875.2
726.500,26517.1
727.000,26122.5
727.500,25758.2
728.000,25456.0
728.500,25310.1
729.000,25335.6
729.500,25499.9
730.000,25812.3
730.500,26191.2
731.000,26592.0
731.500,26948.5
732.000,27206.0
732.500,27300.6
733.000,27226.1
733.500,27013.7
734.000,26696.5
734.500,26311.3
735.000,25926.3
735.500,25603.8
736.000,25395.2
736.500,25350.3
737.000,25436.9
737.500,25680.4
738.000,26029.5
738.500,26415.5
739.000,26807.7
739.500,27105.5
740.000,27282.7
740.500,27318.7
741.000,27200.2
741.500,26936.3
742.000,26591.4
742.500,26189.8
743.000,25835.2
743.500,25557.1
744.000,25386.1
744.500,25365.1
745.000,25488.5
745.500,25759.5
746.000,26092.6
746.500,26481.3
747.000,26846.3
747.500,27123.3
748.000,27289.0
748.500,27322.2
749.000,27206.7
749.500,26947.9
750.000,26596.7
750.500,26222.7
751.000,25854.8
751.500,25558.0
752.000,25387.1
752.500,25349.2
753.000,25446.8
753.500,25688.6
754.000,26010.7
754.500,26382.5
755.000,26758.3
755.500,27056.8
756.000,27233.0
756.500,27301.3
757.000,27212.5
757.500,27008.2
758.000,26698.1
758.500,26331.0
759.000,25959.5
759.500,25639.2
760.000,25406.7
760.500,25307.5
761.000,25343.7
761.500,25517.2
762.000,25790.0
762.500,26138.8
763.000,26503.0
763.500,26824.8
764.000,27087.4
764.500,27220.3
765.000,27233.6
765.500,27107.8
766.000,26862.1
766.500,26534.1
767.000,26175.6
767.500,25812.3
768.000,25516.5
768.500,25319.4
769.000,25242.2
769.500,25290.0
770.000,25485.8
770.500,25745.9
771.000,26097.7
771.500,26448.1
772.000,26767.6
772.500,27008.8
773.000,27152.8
773.500,27143.8
774.000,27029.8
774.500,26792.9
775.000,26485.2
775.500,26123.6
776.000,25764.8
776.500,25472.4
777.000,25258.5
777.500,25156.2
778.000,25176.5
778.500,25326.1
779.000,25577.1
779.500,25887.6
780.000,26233.7
780.500,26548.7
781.000,26817.0
781.500,26985.5
782.000,27041.5
782.500,26972.6
783.000,26796.3
783.500,26515.0
784.000,26172.6
784.500,25825.6
785.000,25499.6
785.500,25244.3
786.000,25073.5
786.500,25021.8
787.000,25104.4
787.500,25281.3
788.000,25534.8
788.500,25855.9
789.000,26191.1
789.500,26495.8
790.000,26727.5
790.500,26870.4
791.000,26891.3
791.500,26796.0
792.000,26605.1
792.500,26322.6
793.000,25997.7
793.500,25643.1
794.000,25337.9
794.500,25076.6
795.000,24909.1
795.500,24872.7
796.000,24930.2
796.500,25104.8
797.000,25348.6
797.500,25667.4
798.000,25968.9
798.500,26272.9
799.000,26517.2
799.500,26656.6
800.000,26703.6
800.500,26634.7
801.000,26472.9
801.500,26214.6
802.000,25896.9
802.500,25561.9
803.000,25248.5
803.500,24972.3
804.000,24781.9
804.500,24684.9
805.000,24702.7
805.500,24821.8
806.000,25027.5
806.500,25293.2
807.000,25614.8
807.500,25912.0
808.000,26174.0
808.500,26362.5
809.000,26470.8
809.500,26462.9
810.000,26366.9
810.500,26164.8
811.000,25888.9
811.500,25577.0
812.000,25253.4
812.500,24952.4
813.000,24698.6
813.500,24525.8
814.000,24453.5
814.500,24475.6
815.000,24605.0
815.500,24806.9
816.000,25069.6
816.500,25376.7
817.000,25652.7
817.500,25917.9
818.000,26104.9
818.500,26201.8
819.000,26209.4
819.500,26113.9
820.000,25932.0
820.500,25677.7
821.000,25371.4
821.500,25045.3
822.000,24744.3
822.500,24489.6
823.000,24299.3
823.500,24210.9
824.000,24189.1
824.500,24293.7
825.000,24463.4
825.500,24691.9
826.000,24975.9
826.500,25262.9
827.000,25518.2
827.500,25733.7
828.000,25869.0
828.500,25917.0
829.000,25873.0
829.500,25739.8
830.000,25529.7
830.500,25263.5
831.000,24951.2
831.500,24649.8
832.000,24352.7
832.500,24125.6
833.000,23966.8
833.500,23888.5
834.000,23908.2
834.500,24007.1
835.000,24187.2
835.500,24425.0
836.000,24685.7
836.500,24956.0
837.000,25198.0
837.500,25408.6
838.000,25520.6
838.500,25567.5
839.000,25532.5
839.500,25406.7
840.000,25188.6
840.500,24929.0
841.000,24647.3
841.500,24341.2
842.000,24066.0
842.500,23822.6
843.000,23657.1
843.500,23564.5
844.000,23554.8
844.500,23627.5
845.000,23778.1
845.500,23991.0
846.000,24228.2
846.500,24502.2
847.000,24729.2
847.500,24939.3
848.000,25092.5
848.500,25166.8
849.000,25168.1
849.500,25083.3
850.000,24916.0
850.500,24695.7
851.000,24418.8
851.500,24139.8
852.000,23855.3
852.500,23592.9
853.000,23390.1
853.500,23244.2
854.000,23169.2
854.500,23183.0
855.000,23269.2
855.500,23421.6
856.000,23627.1
856.500,23863.2
857.000,24110.8
857.500,24338.5
858.000,24530.4
858.500,24684.1
859.000,24742.1
859.500,24740.9
860.000,24651.9
860.500,24492.3
861.000,24274.2
861.500,24027.9
862.000,23736.9
862.500,23468.4
863.000,23210.2
863.500,23008.7
864.000,22835.5
864.500,22754.6
865.000,22746.5
865.500,22795.2
866.000,22938.1
866.500,23117.5
867.000,23325.2
867.500,23561.9
868.000,23793.9
868.500,23990.7
869.000,24141.7
869.500,24250.3
870.000,24265.8
870.500,24219.1
871.000,24112.2
871.500,23934.8
872.000,23710.3
872.500,23459.0
873.000,23180.7
873.500,22910.7
874.000,22673.8
874.500,22484.8
875.000,22342.1
875.500,22283.5
876.000,22287.7
876.500,22350.3
877.000,22482.2
877.500,22657.3
878.000,22868.9
878.500,23086.5
879.000,23296.0
879.500,23488.9
880.000,23627.0
880.500,23721.2
881.000,23740.4
881.500,23705.5
882.000,23609.9
882.500,23436.0
883.000,23217.8
883.500,22977.0
884.000,22712.8
884.500,22454.8
885.000,22228.1
885.500,22021.3
886.000,21880.2
886.500,21784.1
887.000,21762.6
887.500,21808.6
888.000,21914.5
888.500,22052.4
889.000,22240.4
889.500,22440.3
890.000,22645.2
890.500,22844.7
891.000,22999.1
891.500,23106.9
892.000,23173.3
892.500,23172.6
893.000,23111.9
893.500,22981.9
894.000,22818.6
894.500,22587.9
895.000,22345.3
895.500,22104.0
896.000,21859.1
896.500,21627.0
897.000,21451.6
897.500,21316.1
898.000,21241.9
898.500,21218.5
899.000,21256.5
899.500,21348.7
900.000,21485.3
900.500,21663.4
901.000,21851.7
901.500,22047.9
902.000,22224.4
902.500,22372.3
903.000,22496.1
903.500,22550.3
904.000,22561.6
904.500,22515.4
905.000,22395.6
905.500,22249.6
906.000,22044.8
906.500,21827.9
907.000,21589.4
907.500,21348.7
908.000,21125.7
908.500,20935.4
909.000,20782.8
909.500,20674.9
910.000,20628.8
910.500,20630.0
911.000,20693.1
911.500,20804.7
912.000,20942.6
912.500,21108.0
913.000,21290.6
913.500,21470.8
914.000,21625.2
914.500,21762.4
915.000,21847.9
915.500,21892.5
916.000,21885.2
916.500,21835.1
917.000,21722.4
917.500,21576.8
918.000,21378.5
918.500,21167.5
919.000,20930.7
919.500,20712.9
920.000,20489.9
920.500,20300.3
921.000,20158.5
921.500,20057.4
922.000,20006.4
922.500,19991.0
923.000,20042.2
923.500,20121.4
924.000,20246.5
924.500,20405.2
925.000,20564.6
925.500,20736.5
926.000,20889.9
926.500,21029.1
927.000,21122.7
927.500,21183.3
928.000,21194.5
928.500,21167.5
929.000,21071.6
929.500,20946.4
930.000,20787.9
930.500,20586.5
931.000,20374.3
931.500,20162.1
932.000,19950.7
932.500,19753.9
933.000,19589.7
933.500,19451.2
934.000,19364.7
934.500,19315.4
935.000,19314.1
935.500,19368.5
936.000,19448.0
936.500,19566.8
937.000,19712.1
937.500,19867.4
938.000,20023.2
938.500,20162.7
939.000,20286.7
939.500,20376.9
940.000,20435.4
940.500,20452.1
941.000,20414.9
941.500,20344.6
942.000,20234.1
942.500,20072.3
943.000,19899.8
943.500,19698.6
944.000,19490.8
944.500,19288.0
945.000,19091.7
945.500,18926.4
946.000,18790.3
946.500,18690.9
947.000,18627.3
947.500,18588.4
948.000,18617.3
948.500,18672.6
949.000,18774.3
949.500,18884.7
950.000,19022.6
950.500,19167.9
951.000,19303.9
951.500,19430.3
952.000,19542.8
952.500,19610.8
953.000,19656.4
953.500,19656.9
954.000,19617.3
954.500,19542.2
955.000,19421.8
955.500,19282.7
956.000,19106.9
956.500,18926.2
957.000,18724.4
957.500,18528.0
958.000,18348.5
958.500,18185.2
959.000,18045.5
959.500,17944.1
960.000,17874.6
960.500,17848.0
961.000,17855.9
961.500,17904.4
962.000,17974.8
962.500,18080.5
963.000,18196.5
963.500,18331.1
964.000,18462.1
964.500,18579.0
965.000,18682.0
965.500,18766.0
966.000,18823.1
966.500,18833.8
967.000,18818.1
967.500,18759.3
968.000,18668.9
968.500,18549.1
969.000,18394.7
969.500,18228.1
970.000,18046.6
970.500,17858.8
971.000,17683.2
971.500,17512.4
972.000,17359.4
972.500,17234.9
973.000,17143.7
973.500,17089.5
974.000,17055.4
974.500,17071.1
975.000,17110.4
975.500,17178.8
976.000,17269.3
976.500,17384.5
977.000,17486.7
977.500,17615.6
978.000,17713.3
978.500,17815.5
979.000,17894.5
979.500,17944.5
980.000,17967.6
980.500,17954.3
981.000,17919.0
981.500,17840.7
982.000,17730.7
982.500,17595.0
983.000,17450.4
983.500,17275.7
984.000,17105.3
984.500,16928.8
985.000,16768.6
985.500,16617.9
986.000,16488.8
986.500,16375.0
987.000,16297.9
987.500,16253.8
988.000,16230.6
988.500,16254.8
989.000,16298.4
989.500,16365.1
990.000,16453.5
990.500,16542.3
991.000,16652.6
991.500,16763.0
992.000,16857.6
992.500,16945.8
993.000,17015.1
993.500,17058.8
994.000,17070.5
994.500,17065.2
995.000,17018.5
995.500,16949.0
996.000,16851.9
996.500,16733.5
997.000,16590.1
997.500,16440.5
998.000,16276.1
998.500,16115.0
999.000,15959.4
999.500,15807.0
1000.000,15674.9
