"# SPARTA demo dataset (synthetic)","vis_DEMO_glass_0p0.001"
400.000,339.8
400.501,342.3
401.002,341.4
401.503,341.9
402.003,342.3
402.504,344.3
403.005,344.0
403.506,339.3
404.007,338.7
404.508,338.4
405.008,342.6
405.509,337.9
406.010,340.7
406.511,336.9
407.012,338.3
407.513,339.6
408.013,338.2
408.514,337.3
409.015,337.6
409.516,343.1
410.017,338.4
410.518,336.0
411.018,344.5
411.519,338.4
412.020,339.8
412.521,336.0
413.022,337.1
413.523,341.4
414.023,338.6
414.524,339.9
415.025,341.8
415.526,347.1
416.027,340.4
416.528,340.6
417.028,339.3
417.529,338.3
418.030,340.7
418.531,338.1
419.032,338.3
419.533,341.2
420.033,337.0
420.534,341.5
421.035,338.4
421.536,340.8
422.037,341.1
422.538,342.5
423.038,341.2
423.539,343.0
424.040,342.3
424.541,338.4
425.042,344.3
425.543,339.4
426.043,337.4
426.544,342.6
427.045,339.4
427.546,334.2
428.047,335.2
428.548,343.9
429.048,338.1
429.549,338.2
430.050,338.6
430.551,341.0
431.052,337.3
431.553,334.3
432.053,343.8
432.554,337.4
433.055,337.0
433.556,341.1
434.057,338.7
434.558,345.7
435.058,337.0
435.559,342.0
436.060,339.2
436.561,344.8
437.062,342.6
437.563,337.0
438.063,339.3
438.564,343.0
439.065,344.7
439.566,341.5
440.067,341.8
440.568,338.5
441.068,339.1
441.569,340.2
442.070,341.4
442.571,342.6
443.072,341.4
443.573,339.4
444.073,340.5
444.574,345.2
445.075,342.4
445.576,340.3
446.077,340.8
446.578,338.3
447.078,342.5
447.579,336.6
448.080,335.9
448.581,344.9
449.082,337.8
449.583,338.9
450.083,334.1
450.584,339.5
451.085,341.9
451.586,340.0
452.087,339.0
452.588,338.5
453.088,338.3
453.589,331.7
454.090,338.4
454.591,340.9
455.092,340.8
455.593,338.1
456.093,337.5
456.594,333.0
457.095,343.1
457.596,342.0
458.097,346.4
458.598,342.0
459.098,340.4
459.599,341.4
460.100,342.8
460.601,343.5
461.102,338.9
461.603,338.8
462.104,339.8
462.604,340.4
463.105,339.4
463.606,343.8
464.107,336.9
464.608,339.8
465.109,341.8
465.609,338.2
466.110,338.4
466.611,338.0
467.112,340.2
467.613,337.1
468.114,340.4
468.614,339.8
469.115,342.4
469.616,341.2
470.117,338.5
470.618,344.9
471.119,341.1
471.619,338.8
472.120,340.8
472.621,339.2
473.122,336.6
473.623,338.8
474.124,341.7
474.624,342.4
475.125,342.3
475.626,340.7
476.127,335.5
476.628,341.4
477.129,335.0
477.629,343.4
478.130,339.5
478.631,338.1
479.132,341.4
479.633,343.7
480.134,337.9
480.634,336.5
481.135,338.7
481.636,341.7
482.137,339.7
482.638,341.6
483.139,339.9
483.639,338.8
484.140,340.8
484.641,335.4
485.142,339.7
485.643,342.8
486.144,340.1
486.644,339.4
487.145,337.5
487.646,339.7
488.147,340.9
488.648,340.6
489.149,339.6
489.649,339.5
490.150,338.7
490.651,340.1
491.152,339.7
491.653,339.8
492.154,339.9
492.654,343.2
493.155,340.2
493.656,341.1
494.157,339.6
494.658,336.5
495.159,340.2
495.659,341.9
496.160,335.2
496.661,338.8
497.162,341.9
497.663,341.2
498.164,339.8
498.664,343.9
499.165,341.7
499.666,340.2
500.167,338.7
500.668,338.5
501.169,341.5
501.669,341.9
502.170,336.4
502.671,342.2
503.172,341.6
503.673,336.8
504.174,338.9
504.674,339.6
505.175,339.6
505.676,341.7
506.177,338.7
506.678,341.4
507.179,339.0
507.679,340.4
508.180,339.2
508.681,339.3
509.182,338.8
509.683,338.7
510.184,341.8
510.684,341.4
511.185,334.8
511.686,341.0
512.187,337.7
512.688,345.8
513.189,343.9
513.689,337.9
514.190,344.4
514.691,339.3
515.192,343.1
515.693,338.2
516.194,336.7
516.694,341.9
517.195,338.9
517.696,336.6
518.197,342.0
518.698,341.3
519.199,337.7
519.699,340.4
520.200,344.6
520.701,342.5
521.202,335.7
521.703,337.0
522.204,336.8
522.705,338.3
523.205,336.9
523.706,338.5
524.207,339.4
524.708,343.6
525.209,337.5
525.710,335.5
526.210,338.0
526.711,333.7
527.212,338.4
527.713,338.1
528.214,338.5
528.715,337.0
529.215,337.7
529.716,339.1
530.217,344.6
530.718,337.2
531.219,333.9
531.720,337.6
532.220,340.3
532.721,343.1
533.222,338.3
533.723,343.0
534.224,336.4
534.725,341.3
535.225,338.0
535.726,336.4
536.227,342.8
536.728,338.5
537.229,337.8
537.730,346.4
538.230,341.8
538.731,342.8
539.232,338.5
539.733,343.0
540.234,334.8
540.735,342.1
541.235,343.0
541.736,333.6
542.237,336.9
542.738,340.0
543.239,335.7
543.740,339.2
544.240,338.5
544.741,339.4
545.242,342.0
545.743,340.0
546.244,338.9
546.745,341.9
547.245,336.6
547.746,339.7
548.247,337.1
548.748,340.3
549.249,341.6
549.750,337.5
550.250,340.4
550.751,338.7
551.252,338.4
551.753,339.6
552.254,334.8
552.755,337.2
553.255,340.7
553.756,337.7
554.257,338.3
554.758,337.7
555.259,339.3
555.760,342.5
556.260,339.8
556.761,335.3
557.262,339.6
557.763,343.2
558.264,337.5
558.765,340.1
559.265,335.4
559.766,340.7
560.267,335.9
560.768,339.9
561.269,339.1
561.770,338.5
562.270,338.1
562.771,343.8
563.272,336.6
563.773,340.9
564.274,339.7
564.775,338.6
565.275,342.0
565.776,341.9
566.277,336.3
566.778,340.9
567.279,342.0
567.780,338.1
568.280,341.6
568.781,338.7
569.282,345.9
569.783,341.3
570.284,340.1
570.785,338.9
571.285,340.6
571.786,341.6
572.287,342.6
572.788,341.7
573.289,340.2
573.790,335.7
574.290,339.0
574.791,340.8
575.292,342.2
575.793,340.4
576.294,337.1
576.795,340.2
577.295,336.2
577.796,339.2
578.297,339.6
578.798,341.8
579.299,344.0
579.800,338.7
580.301,337.5
580.801,340.9
581.302,340.1
581.803,340.6
582.304,336.3
582.805,340.1
583.306,339.3
583.806,337.3
584.307,339.2
584.808,334.3
585.309,339.4
585.810,338.6
586.311,337.4
586.811,344.3
587.312,338.8
587.813,339.1
588.314,340.1
588.815,341.6
589.316,342.0
589.816,342.8
590.317,340.3
590.818,340.4
591.319,340.5
591.820,336.6
592.321,343.4
592.821,341.5
593.322,343.5
593.823,342.8
594.324,338.7
594.825,334.6
595.326,342.2
595.826,346.3
596.327,338.1
596.828,341.1
597.329,343.8
597.830,343.2
598.331,339.5
598.831,341.6
599.332,336.2
599.833,340.4
600.334,346.1
600.835,344.2
601.336,340.5
601.836,338.2
602.337,340.6
602.838,342.5
603.339,344.2
603.840,339.9
604.341,343.0
604.841,337.3
605.342,336.0
605.843,341.4
606.344,336.2
606.845,335.3
607.346,341.9
607.846,339.5
608.347,340.2
608.848,342.3
609.349,342.6
609.850,344.4
610.351,340.8
610.851,339.8
611.352,337.2
611.853,339.2
612.354,341.1
612.855,338.5
613.356,340.0
613.856,339.6
614.357,342.6
614.858,339.2
615.359,339.0
615.860,338.0
616.361,337.6
616.861,340.5
617.362,337.7
617.863,341.1
618.364,340.0
618.865,336.4
619.366,342.6
619.866,338.8
620.367,337.6
620.868,343.0
621.369,338.1
621.870,339.4
622.371,337.6
622.871,341.3
623.372,336.6
623.873,336.1
624.374,340.3
624.875,332.4
625.376,342.3
625.876,337.5
626.377,339.4
626.878,340.0
627.379,344.4
627.880,337.7
628.381,344.8
628.881,342.9
629.382,341.4
629.883,341.0
630.384,342.2
630.885,338.3
631.386,341.0
631.886,340.8
632.387,342.6
632.888,340.9
633.389,339.9
633.890,343.9
634.391,342.8
634.891,342.2
635.392,341.6
635.893,339.4
636.394,338.4
636.895,340.8
637.396,338.4
637.896,345.5
638.397,335.2
638.898,338.3
639.399,339.8
639.900,341.2
640.401,340.1
640.902,340.7
641.402,338.8
641.903,338.0
642.404,338.0
642.905,341.2
643.406,339.3
643.907,343.1
644.407,340.7
644.908,343.4
645.409,339.6
645.910,339.8
646.411,338.6
646.912,343.2
647.412,335.9
647.913,338.5
648.414,340.2
648.915,336.5
649.416,337.5
649.917,343.8
650.417,340.2
650.918,343.0
651.419,338.3
651.920,338.3
652.421,341.0
652.922,340.9
653.422,341.1
653.923,339.2
654.424,338.3
654.925,333.7
655.426,334.2
655.927,341.9
656.427,337.9
656.928,340.8
657.429,341.0
657.930,341.3
658.431,340.6
658.932,340.3
659.432,345.3
659.933,339.8
660.434,340.2
660.935,343.6
661.436,336.9
661.937,338.8
662.437,343.3
662.938,337.9
663.439,341.3
663.940,337.4
664.441,341.1
664.942,340.6
665.442,339.9
665.943,342.3
666.444,344.8
666.945,341.9
667.446,342.2
667.947,339.5
668.447,340.7
668.948,342.3
669.449,338.0
669.950,341.6
670.451,343.4
670.952,345.5
671.452,336.8
671.953,343.6
672.454,337.6
672.955,348.4
673.456,342.3
673.957,341.9
674.457,342.2
674.958,337.9
675.459,349.0
675.960,338.9
676.461,341.5
676.962,336.5
677.462,341.4
677.963,336.6
678.464,339.0
678.965,336.3
679.466,341.9
679.967,337.5
680.467,341.8
680.968,345.7
681.469,342.9
681.970,341.4
682.471,340.8
682.972,338.6
683.472,337.6
683.973,336.5
684.474,339.7
684.975,337.0
685.476,335.5
685.977,338.9
686.477,341.8
686.978,338.1
687.479,340.6
687.980,343.6
688.481,339.9
688.982,335.2
689.482,341.1
689.983,338.7
690.484,338.6
690.985,336.3
691.486,339.5
691.987,339.6
692.487,346.2
692.988,346.9
693.489,341.6
693.990,338.4
694.491,337.9
694.992,340.3
695.492,343.1
695.993,341.3
696.494,342.4
696.995,335.7
697.496,339.5
697.997,335.2
698.497,342.7
698.998,335.4
699.499,341.7
700.000,342.2
