"# SPARTA demo dataset (synthetic)","vis_DEMO_glass_5p2_s.002"
700.500,22687.2
701.000,22857.8
701.500,23072.5
702.000,23355.0
702.500,23667.7
703.000,23991.6
703.500,24228.6
704.000,24316.5
704.500,24183.9
705.000,23847.4
705.500,23318.3
706.000,22696.3
706.500,22104.9
707.000,21670.2
707.500,21501.7
708.000,21656.6
708.500,22116.3
709.000,22816.6
709.500,23617.7
710.000,24358.4
710.500,24905.4
711.000,25140.0
711.500,25041.9
712.000,24629.0
712.500,24014.3
713.000,23299.0
713.500,22639.6
714.000,22159.6
714.500,21923.5
715.000,21965.0
715.500,22232.6
716.000,22632.5
716.500,23112.0
717.000,23548.1
717.500,23886.4
718.000,24119.2
718.500,24218.4
719.000,24226.9
719.500,24185.1
720.000,24098.7
720.500,24032.6
721.000,23931.2
721.500,23811.3
722.000,23638.6
722.500,23399.7
723.000,23112.0
723.500,22794.5
724.000,22512.4
724.500,22343.9
725.000,22334.3
725.500,22536.3
726.000,22918.3
726.500,23480.7
727.000,24105.3
727.500,24708.9
728.000,25146.9
728.500,25349.7
729.000,25274.3
729.500,24902.3
730.000,24299.4
730.500,23565.1
731.000,22833.5
731.500,22223.6
732.000,21854.2
732.500,21784.8
733.000,22010.2
733.500,22501.0
734.000,23144.3
734.500,23827.0
735.000,24434.4
735.500,24884.8
736.000,25101.5
736.500,25084.9
737.000,24870.3
737.500,24514.0
738.000,24102.0
738.500,23697.3
739.000,23349.6
739.500,23117.8
740.000,22997.4
740.500,22945.9
741.000,22961.8
741.500,23015.4
742.000,23074.9
742.500,23148.0
743.000,23230.4
743.500,23357.0
744.000,23550.9
744.500,23793.9
745.000,24103.5
745.500,24420.4
746.000,24720.5
746.500,24922.3
747.000,24989.4
747.500,24868.3
748.000,24555.1
748.500,24080.4
749.000,23502.3
749.500,22902.5
750.000,22388.4
750.500,22035.6
751.000,21915.4
751.500,22077.7
752.000,22477.3
752.500,23082.1
753.000,23796.2
753.500,24476.3
754.000,25073.1
754.500,25451.5
755.000,25557.5
755.500,25411.1
756.000,25020.7
756.500,24457.1
757.000,23827.4
757.500,23218.4
758.000,22724.4
758.500,22399.3
759.000,22266.9
759.500,22340.0
760.000,22568.6
760.500,22911.1
761.000,23295.7
761.500,23663.0
762.000,23962.7
762.500,24183.3
763.000,24325.3
763.500,24373.0
764.000,24384.3
764.500,24375.2
765.000,24338.2
765.500,24282.8
766.000,24230.1
766.500,24125.2
767.000,23990.3
767.500,23785.4
768.000,23509.2
768.500,23199.1
769.000,22880.2
769.500,22597.6
770.000,22392.2
770.500,22327.7
771.000,22412.7
771.500,22690.5
772.000,23114.8
772.500,23650.4
773.000,24214.8
773.500,24745.8
774.000,25146.3
774.500,25376.3
775.000,25372.4
775.500,25119.7
776.000,24659.1
776.500,24063.1
777.000,23372.8
777.500,22728.9
778.000,22193.7
778.500,21846.5
779.000,21723.6
779.500,21830.1
780.000,22165.5
780.500,22642.0
781.000,23213.3
781.500,23773.9
782.000,24271.4
782.500,24639.4
783.000,24855.8
783.500,24867.2
784.000,24748.0
784.500,24503.8
785.000,24173.3
785.500,23817.9
786.000,23491.9
786.500,23217.1
787.000,23003.2
787.500,22868.3
788.000,22785.2
788.500,22747.4
789.000,22749.4
789.500,22740.3
790.000,22756.4
790.500,22779.7
791.000,22837.0
791.500,22922.8
792.000,23065.7
792.500,23268.0
793.000,23535.6
793.500,23827.6
794.000,24131.4
794.500,24389.3
795.000,24580.2
795.500,24631.3
796.000,24559.9
796.500,24332.0
797.000,23950.2
797.500,23451.3
798.000,22905.5
798.500,22362.3
799.000,21908.7
799.500,21581.1
800.000,21448.4
800.500,21513.4
801.000,21779.8
801.500,22220.1
802.000,22783.2
802.500,23390.9
803.000,23974.6
803.500,24459.9
804.000,24789.8
804.500,24926.8
805.000,24863.4
805.500,24604.9
806.000,24192.6
806.500,23686.3
807.000,23141.2
807.500,22630.3
808.000,22210.4
808.500,21898.3
809.000,21743.0
809.500,21726.6
810.000,21833.2
810.500,22040.4
811.000,22305.3
811.500,22607.9
812.000,22874.0
812.500,23116.5
813.000,23299.2
813.500,23423.2
814.000,23493.8
814.500,23537.1
815.000,23547.7
815.500,23542.5
816.000,23548.3
816.500,23521.3
817.000,23491.2
817.500,23427.8
818.000,23316.4
818.500,23157.4
819.000,22948.4
819.500,22682.5
820.000,22377.2
820.500,22066.0
821.000,21781.5
821.500,21553.2
822.000,21427.1
822.500,21402.1
823.000,21521.0
823.500,21788.7
824.000,22162.9
824.500,22613.6
825.000,23103.9
825.500,23565.3
826.000,23959.4
826.500,24234.2
827.000,24336.8
827.500,24284.2
828.000,24046.8
828.500,23649.9
829.000,23136.4
829.500,22562.8
830.000,21996.9
830.500,21481.4
831.000,21075.4
831.500,20821.0
832.000,20738.2
832.500,20808.2
833.000,21042.6
833.500,21396.5
834.000,21837.0
834.500,22295.4
835.000,22725.4
835.500,23097.9
836.000,23367.9
836.500,23513.8
837.000,23550.9
837.500,23470.1
838.000,23298.1
838.500,23068.2
839.000,22807.4
839.500,22529.4
840.000,22272.0
840.500,22059.1
841.000,21867.6
841.500,21738.0
842.000,21649.4
842.500,21575.0
843.000,21512.4
843.500,21483.0
844.000,21441.9
844.500,21401.4
845.000,21399.3
845.500,21397.9
846.000,21452.7
846.500,21529.5
847.000,21665.2
847.500,21862.0
848.000,22085.0
848.500,22349.6
849.000,22606.1
849.500,22840.8
850.000,23027.1
850.500,23135.5
851.000,23140.6
851.500,23030.9
852.000,22792.5
852.500,22467.0
853.000,22044.5
853.500,21574.5
854.000,21110.8
854.500,20676.8
855.000,20318.5
855.500,20073.7
856.000,19976.8
856.500,20018.8
857.000,20210.5
857.500,20527.7
858.000,20937.9
858.500,21405.2
859.000,21900.9
859.500,22341.4
860.000,22709.2
860.500,22974.6
861.000,23098.2
861.500,23075.5
862.000,22912.9
862.500,22633.0
863.000,22269.1
863.500,21851.9
864.000,21417.1
864.500,21012.0
865.000,20653.2
865.500,20380.4
866.000,20198.3
866.500,20109.3
867.000,20114.7
867.500,20194.4
868.000,20340.2
868.500,20526.7
869.000,20725.6
869.500,20914.9
870.000,21089.3
870.500,21231.3
871.000,21350.4
871.500,21423.9
872.000,21474.4
872.500,21509.2
873.000,21541.5
873.500,21554.7
874.000,21562.6
874.500,21572.3
875.000,21568.1
875.500,21541.6
876.000,21486.0
876.500,21406.8
877.000,21277.4
877.500,21104.6
878.000,20883.9
878.500,20627.9
879.000,20359.5
879.500,20093.1
880.000,19823.1
880.500,19609.5
881.000,19456.9
881.500,19393.0
882.000,19421.6
882.500,19540.7
883.000,19758.9
883.500,20056.6
884.000,20413.0
884.500,20802.0
885.000,21176.0
885.500,21513.7
886.000,21780.5
886.500,21955.6
887.000,22019.3
887.500,21943.9
888.000,21757.7
888.500,21462.8
889.000,21078.9
889.500,20638.8
890.000,20175.5
890.500,19733.5
891.000,19330.2
891.500,19006.7
892.000,18783.8
892.500,18655.6
893.000,18659.2
893.500,18762.4
894.000,18958.5
894.500,19232.4
895.000,19551.9
895.500,19884.6
896.000,20193.8
896.500,20472.7
897.000,20707.3
897.500,20855.9
898.000,20946.8
898.500,20948.9
899.000,20880.7
899.500,20761.8
900.000,20589.4
900.500,20404.4
901.000,20206.5
901.500,19997.2
902.000,19816.4
902.500,19647.9
903.000,19520.7
903.500,19399.2
904.000,19303.5
904.500,19215.9
905.000,19141.9
905.500,19071.4
906.000,19016.3
906.500,18951.9
907.000,18900.7
907.500,18855.0
908.000,18822.8
908.500,18819.7
909.000,18848.4
909.500,18910.8
910.000,19011.4
910.500,19153.8
911.000,19333.4
911.500,19529.1
912.000,19732.6
912.500,19927.0
913.000,20108.4
913.500,20247.0
914.000,20314.6
914.500,20327.8
915.000,20264.9
915.500,20105.7
916.000,19871.8
916.500,19572.9
917.000,19229.5
917.500,18863.6
918.000,18482.8
918.500,18125.2
919.000,17816.0
919.500,17571.6
920.000,17424.1
920.500,17360.8
921.000,17396.2
921.500,17522.0
922.000,17744.9
922.500,18023.1
923.000,18356.0
923.500,18703.1
924.000,19048.1
924.500,19358.1
925.000,19609.9
925.500,19792.6
926.000,19901.4
926.500,19913.4
927.000,19830.8
927.500,19677.2
928.000,19450.1
928.500,19170.7
929.000,18855.1
929.500,18543.2
930.000,18236.0
930.500,17948.5
931.000,17700.9
931.500,17513.6
932.000,17380.5
932.500,17297.6
933.000,17276.6
933.500,17314.0
934.000,17373.8
934.500,17475.2
935.000,17585.4
935.500,17698.0
936.000,17806.8
936.500,17918.7
937.000,17998.6
937.500,18068.8
938.000,18124.6
938.500,18173.4
939.000,18202.1
939.500,18214.3
940.000,18236.7
940.500,18255.0
941.000,18275.4
941.500,18291.8
942.000,18294.1
942.500,18297.8
943.000,18277.2
943.500,18225.4
944.000,18179.7
944.500,18072.2
945.000,17947.6
945.500,17789.0
946.000,17599.4
946.500,17395.4
947.000,17163.8
947.500,16936.3
948.000,16714.0
948.500,16528.7
949.000,16369.8
949.500,16261.2
950.000,16208.4
950.500,16226.8
951.000,16296.8
951.500,16426.3
952.000,16621.7
952.500,16847.8
953.000,17112.8
953.500,17382.1
954.000,17648.9
954.500,17890.8
955.000,18091.4
955.500,18225.1
956.000,18295.0
956.500,18286.9
957.000,18213.0
957.500,18059.5
958.000,17836.0
958.500,17566.2
959.000,17256.4
959.500,16918.8
960.000,16580.6
960.500,16270.0
961.000,15979.9
961.500,15737.0
962.000,15553.9
962.500,15431.9
963.000,15383.5
963.500,15410.8
964.000,15484.1
964.500,15613.2
965.000,15782.4
965.500,15987.4
966.000,16200.0
966.500,16404.1
967.000,16606.6
967.500,16773.8
968.000,16902.1
968.500,16990.5
969.000,17043.2
969.500,17051.1
970.000,17020.2
970.500,16947.5
971.000,16854.6
971.500,16734.1
972.000,16597.4
972.500,16466.0
973.000,16337.7
973.500,16205.7
974.000,16084.9
974.500,15964.2
975.000,15859.0
975.500,15779.4
976.000,15687.7
976.500,15608.8
977.000,15549.6
977.500,15470.6
978.000,15403.0
978.500,15335.7
979.000,15269.8
979.500,15202.0
980.000,15145.6
980.500,15103.3
981.000,15066.5
981.500,15055.7
982.000,15056.0
982.500,15095.2
983.000,15153.3
983.500,15236.8
984.000,15351.7
984.500,15477.5
985.000,15610.6
985.500,15751.9
986.000,15895.3
986.500,16008.7
987.000,16108.6
987.500,16172.0
988.000,16198.8
988.500,16176.6
989.000,16105.0
989.500,15990.4
990.000,15825.1
990.500,15625.9
991.000,15389.3
991.500,15123.2
992.000,14851.6
992.500,14585.9
993.000,14326.6
993.500,14107.6
994.000,13912.9
994.500,13773.5
995.000,13676.5
995.500,13647.3
996.000,13664.1
996.500,13743.4
997.000,13869.6
997.500,14035.3
998.000,14236.6
998.500,14447.8
999.000,14671.2
999.500,14882.7
1000.000,15079.1
