"# SPARTA demo dataset (synthetic)","vis_DEMO_glass_8p4_s_D.002"
700.500,22454.8
701.000,22346.7
701.500,22264.9
702.000,22176.5
702.500,22096.5
703.000,22021.4
703.500,21958.2
704.000,21945.0
704.500,22011.4
705.000,22208.7
705.500,22524.3
706.000,22940.3
706.500,23412.9
707.000,23890.2
707.500,24262.2
708.000,24452.9
708.500,24421.4
709.000,24156.7
709.500,23681.9
710.000,23072.3
710.500,22405.2
711.000,21817.1
711.500,21388.3
712.000,21212.3
712.500,21315.8
713.000,21666.8
713.500,22237.6
714.000,22900.2
714.500,23579.3
715.000,24156.1
715.500,24552.1
716.000,24726.2
716.500,24668.1
717.000,24419.8
717.500,24045.2
718.000,23592.2
718.500,23163.8
719.000,22815.0
719.500,22573.7
720.000,22440.5
720.500,22428.7
721.000,22490.1
721.500,22585.7
722.000,22698.2
722.500,22809.9
723.000,22928.2
723.500,23035.4
724.000,23179.5
724.500,23365.0
725.000,23599.7
725.500,23866.9
726.000,24154.3
726.500,24410.1
727.000,24595.8
727.500,24650.2
728.000,24544.1
728.500,24275.2
729.000,23847.8
729.500,23312.1
730.000,22753.7
730.500,22245.6
731.000,21867.0
731.500,21704.6
732.000,21759.9
732.500,22062.0
733.000,22570.9
733.500,23207.3
734.000,23886.9
734.500,24514.7
735.000,25009.9
735.500,25295.1
736.000,25346.2
736.500,25155.2
737.000,24772.9
737.500,24262.0
738.000,23682.8
738.500,23156.1
739.000,22718.1
739.500,22435.0
740.000,22297.3
740.500,22323.1
741.000,22491.2
741.500,22741.7
742.000,23029.9
742.500,23318.5
743.000,23579.6
743.500,23763.6
744.000,23927.6
744.500,24029.2
745.000,24128.5
745.500,24204.8
746.000,24286.7
746.500,24350.9
747.000,24427.8
747.500,24444.6
748.000,24414.1
748.500,24286.7
749.000,24081.0
749.500,23758.6
750.000,23364.6
750.500,22970.4
751.000,22570.9
751.500,22271.1
752.000,22100.2
752.500,22095.1
753.000,22280.1
753.500,22659.9
754.000,23169.7
754.500,23762.1
755.000,24375.8
755.500,24923.7
756.000,25304.5
756.500,25513.9
757.000,25498.8
757.500,25272.5
758.000,24843.6
758.500,24289.9
759.000,23672.1
759.500,23077.7
760.000,22571.5
760.500,22208.8
761.000,22030.4
761.500,22040.5
762.000,22226.1
762.500,22537.2
763.000,22939.9
763.500,23361.5
764.000,23758.8
764.500,24097.2
765.000,24338.4
765.500,24473.2
766.000,24540.0
766.500,24509.4
767.000,24422.7
767.500,24318.5
768.000,24211.4
768.500,24094.8
769.000,23990.2
769.500,23894.0
770.000,23770.5
770.500,23641.8
771.000,23458.2
771.500,23252.0
772.000,23026.4
772.500,22772.9
773.000,22580.4
773.500,22427.5
774.000,22376.4
774.500,22419.7
775.000,22613.0
775.500,22918.0
776.000,23329.4
776.500,23814.3
777.000,24302.3
777.500,24738.1
778.000,25087.1
778.500,25277.3
779.000,25301.8
779.500,25120.4
780.000,24775.2
780.500,24301.4
781.000,23712.8
781.500,23108.0
782.000,22553.9
782.500,22099.9
783.000,21787.7
783.500,21657.9
784.000,21713.2
784.500,21952.2
785.000,22321.1
785.500,22795.7
786.000,23295.6
786.500,23782.5
787.000,24184.3
787.500,24495.1
788.000,24664.7
788.500,24718.7
789.000,24648.8
789.500,24482.7
790.000,24252.7
790.500,23978.8
791.000,23696.6
791.500,23450.9
792.000,23248.9
792.500,23086.4
793.000,22946.6
793.500,22867.3
794.000,22799.5
794.500,22729.2
795.000,22667.6
795.500,22610.8
796.000,22555.7
796.500,22516.0
797.000,22515.6
797.500,22558.8
798.000,22672.5
798.500,22853.1
799.000,23100.8
799.500,23404.9
800.000,23733.0
800.500,24064.2
801.000,24356.1
801.500,24578.8
802.000,24682.0
802.500,24654.2
803.000,24495.5
803.500,24202.9
804.000,23783.9
804.500,23280.0
805.000,22755.1
805.500,22246.5
806.000,21799.1
806.500,21465.1
807.000,21271.3
807.500,21250.5
808.000,21395.0
808.500,21689.6
809.000,22095.2
809.500,22600.5
810.000,23112.9
810.500,23602.9
811.000,24038.3
811.500,24346.1
812.000,24535.8
812.500,24563.5
813.000,24460.4
813.500,24238.5
814.000,23925.9
814.500,23566.2
815.000,23171.7
815.500,22800.1
816.000,22473.8
816.500,22223.1
817.000,22045.5
817.500,21945.8
818.000,21919.0
818.500,21944.2
819.000,22012.1
819.500,22095.7
820.000,22198.7
820.500,22288.9
821.000,22373.5
821.500,22451.2
822.000,22520.8
822.500,22608.8
823.000,22707.6
823.500,22830.2
824.000,22986.8
824.500,23138.3
825.000,23303.0
825.500,23472.7
826.000,23603.4
826.500,23691.8
827.000,23711.6
827.500,23654.9
828.000,23497.4
828.500,23253.5
829.000,22919.9
829.500,22550.6
830.000,22122.7
830.500,21719.4
831.000,21337.7
831.500,21028.6
832.000,20814.9
832.500,20745.5
833.000,20808.8
833.500,21009.9
834.000,21312.8
834.500,21722.9
835.000,22173.7
835.500,22664.5
836.000,23119.4
836.500,23509.4
837.000,23791.4
837.500,23966.4
838.000,24006.5
838.500,23899.6
839.000,23667.3
839.500,23339.5
840.000,22942.1
840.500,22497.1
841.000,22058.0
841.500,21657.7
842.000,21307.8
842.500,21048.0
843.000,20888.2
843.500,20823.7
844.000,20840.1
844.500,20945.4
845.000,21116.7
845.500,21302.6
846.000,21525.2
846.500,21730.1
847.000,21923.1
847.500,22085.3
848.000,22207.5
848.500,22293.7
849.000,22351.4
849.500,22389.9
850.000,22411.4
850.500,22430.8
851.000,22440.3
851.500,22454.6
852.000,22462.5
852.500,22469.8
853.000,22460.4
853.500,22407.5
854.000,22321.4
854.500,22210.1
855.000,22032.7
855.500,21824.6
856.000,21572.6
856.500,21285.4
857.000,20997.3
857.500,20728.1
858.000,20483.6
858.500,20291.1
859.000,20190.4
859.500,20156.1
860.000,20243.5
860.500,20407.2
861.000,20671.6
861.500,21003.8
862.000,21378.7
862.500,21770.0
863.000,22161.1
863.500,22509.2
864.000,22779.3
864.500,22959.8
865.000,23018.6
865.500,22957.3
866.000,22789.0
866.500,22517.1
867.000,22150.4
867.500,21745.1
868.000,21298.9
868.500,20851.2
869.000,20445.5
869.500,20101.7
870.000,19824.0
870.500,19671.3
871.000,19593.8
871.500,19619.0
872.000,19740.4
872.500,19932.2
873.000,20188.0
873.500,20464.7
874.000,20748.4
874.500,21018.6
875.000,21259.1
875.500,21444.9
876.000,21591.5
876.500,21672.6
877.000,21702.1
877.500,21675.4
878.000,21612.7
878.500,21524.4
879.000,21418.4
879.500,21304.2
880.000,21185.5
880.500,21065.7
881.000,20965.9
881.500,20870.4
882.000,20775.2
882.500,20668.6
883.000,20568.7
883.500,20453.5
884.000,20329.2
884.500,20183.8
885.000,20035.2
885.500,19882.6
886.000,19726.4
886.500,19595.9
887.000,19484.5
887.500,19420.4
888.000,19404.2
888.500,19438.1
889.000,19537.1
889.500,19692.2
890.000,19904.6
890.500,20152.5
891.000,20430.1
891.500,20726.7
892.000,20994.4
892.500,21236.2
893.000,21425.8
893.500,21549.8
894.000,21590.2
894.500,21537.0
895.000,21400.7
895.500,21178.2
896.000,20863.9
896.500,20513.4
897.000,20129.7
897.500,19722.7
898.000,19323.8
898.500,18970.3
899.000,18668.2
899.500,18443.7
900.000,18298.5
900.500,18257.2
901.000,18298.9
901.500,18423.4
902.000,18633.1
902.500,18887.0
903.000,19183.7
903.500,19480.4
904.000,19793.4
904.500,20072.1
905.000,20296.6
905.500,20483.7
906.000,20595.4
906.500,20654.3
907.000,20636.8
907.500,20560.8
908.000,20441.9
908.500,20275.5
909.000,20083.1
909.500,19873.0
910.000,19670.4
910.500,19473.1
911.000,19288.3
911.500,19127.8
912.000,18999.9
912.500,18888.8
913.000,18805.4
913.500,18729.8
914.000,18678.1
914.500,18630.0
915.000,18589.7
915.500,18553.0
916.000,18514.2
916.500,18477.2
917.000,18444.9
917.500,18420.4
918.000,18400.7
918.500,18410.9
919.000,18433.1
919.500,18478.9
920.000,18570.0
920.500,18667.7
921.000,18806.1
921.500,18955.3
922.000,19130.0
922.500,19297.5
923.000,19449.2
923.500,19598.0
924.000,19703.9
924.500,19768.8
925.000,19770.6
925.500,19726.7
926.000,19614.0
926.500,19454.5
927.000,19225.4
927.500,18950.2
928.000,18640.2
928.500,18316.3
929.000,17994.0
929.500,17668.7
930.000,17386.9
930.500,17147.6
931.000,16974.3
931.500,16854.5
932.000,16817.4
932.500,16850.2
933.000,16959.5
933.500,17130.2
934.000,17353.5
934.500,17614.4
935.000,17897.5
935.500,18188.3
936.000,18464.7
936.500,18711.6
937.000,18918.2
937.500,19069.0
938.000,19171.4
938.500,19194.5
939.000,19155.0
939.500,19056.6
940.000,18911.1
940.500,18715.9
941.000,18489.0
941.500,18245.9
942.000,17983.1
942.500,17735.9
943.000,17507.6
943.500,17287.9
944.000,17121.1
944.500,16980.2
945.000,16865.2
945.500,16809.1
946.000,16767.4
946.500,16762.8
947.000,16780.5
947.500,16818.1
948.000,16862.4
948.500,16913.7
949.000,16951.5
949.500,17004.6
950.000,17045.4
950.500,17085.1
951.000,17118.1
951.500,17143.6
952.000,17171.2
952.500,17204.9
953.000,17234.6
953.500,17273.8
954.000,17329.9
954.500,17376.5
955.000,17442.2
955.500,17502.3
956.000,17555.9
956.500,17607.9
957.000,17643.9
957.500,17662.7
958.000,17656.8
958.500,17622.8
959.000,17550.8
959.500,17449.7
960.000,17306.0
960.500,17143.7
961.000,16929.5
961.500,16713.8
962.000,16477.8
962.500,16224.4
963.000,16004.8
963.500,15782.4
964.000,15585.7
964.500,15433.7
965.000,15327.5
965.500,15261.3
966.000,15256.1
966.500,15301.6
967.000,15410.0
967.500,15548.8
968.000,15729.4
968.500,15948.0
969.000,16180.1
969.500,16419.4
970.000,16642.1
970.500,16862.9
971.000,17043.7
971.500,17186.4
972.000,17278.2
972.500,17325.7
973.000,17309.9
973.500,17250.8
974.000,17129.7
974.500,16968.3
975.000,16758.8
975.500,16525.8
976.000,16273.0
976.500,16019.4
977.000,15766.2
977.500,15529.0
978.000,15300.3
978.500,15102.7
979.000,14945.0
979.500,14826.0
980.000,14751.9
980.500,14708.7
981.000,14700.2
981.500,14729.5
982.000,14788.8
982.500,14871.6
983.000,14956.1
983.500,15055.3
984.000,15168.1
984.500,15268.1
985.000,15355.4
985.500,15435.8
986.000,15490.3
986.500,15546.0
987.000,15574.1
987.500,15591.9
988.000,15601.4
988.500,15595.2
989.000,15578.5
989.500,15557.9
990.000,15536.1
990.500,15511.7
991.000,15490.7
991.500,15456.9
992.000,15433.5
992.500,15408.0
993.000,15371.0
993.500,15334.0
994.000,15285.7
994.500,15232.5
995.000,15160.3
995.500,15067.8
996.000,14952.9
996.500,14850.8
997.000,14717.7
997.500,14577.1
998.000,14425.7
998.500,14280.7
999.000,14125.2
999.500,13983.1
1000.000,13851.7
